Seed	Class	Mean	Std
0	0	[1. 0.]	[0. 0.]
0	1	[3.74569807e-37 1.00000000e+00]	[1.18390133e-35 0.00000000e+00]
1	0	[1. 0.]	[0. 0.]
1	1	[2.66246708e-47 1.00000000e+00]	[8.41524939e-46 0.00000000e+00]
2	0	[1. 0.]	[0. 0.]
2	1	[0. 1.]	[0. 0.]
3	0	[1. 0.]	[0. 0.]
3	1	[1.75936441e-41 1.00000000e+00]	[5.01498849e-40 0.00000000e+00]
4	0	[1. 0.]	[0. 0.]
4	1	[0. 1.]	[0. 0.]
5	0	[0.93976778 0.06023221]	[0.18474639 0.18474638]
5	1	[0. 1.]	[0. 0.]
6	0	[1. 0.]	[0. 0.]
6	1	[4.22031799e-39 1.00000000e+00]	[1.30907275e-37 0.00000000e+00]
7	0	[1. 0.]	[0. 0.]
7	1	[1.03696086e-46 1.00000000e+00]	[3.27751818e-45 0.00000000e+00]
8	0	[1. 0.]	[0. 0.]
8	1	[3.21664397e-22 1.00000000e+00]	[1.01374349e-20 0.00000000e+00]
9	0	[0.92590098 0.07409902]	[0.25028231 0.25028231]
9	1	[1.77760383e-29 1.00000000e+00]	[5.61846384e-28 0.00000000e+00]
10	0	[1. 0.]	[0. 0.]
10	1	[0. 1.]	[0. 0.]
11	0	[1. 0.]	[0. 0.]
11	1	[0. 1.]	[0. 0.]
12	0	[1. 0.]	[0. 0.]
12	1	[1.0127963e-39 1.0000000e+00]	[3.06466462e-38 0.00000000e+00]
13	0	[9.99043579e-01 9.56420611e-04]	[0.01549531 0.0154953]
13	1	[1.17429792e-42 1.00000000e+00]	[3.67343564e-41 0.00000000e+00]
14	0	[1. 0.]	[0. 0.]
14	1	[1.48651577e-41 1.00000000e+00]	[4.6983865e-40 0.0000000e+00]
15	0	[1. 0.]	[0. 0.]
15	1	[0. 1.]	[0. 0.]
16	0	[1. 0.]	[0. 0.]
16	1	[5.60519386e-48 1.00000000e+00]	[1.77163145e-46 0.00000000e+00]
17	0	[1. 0.]	[0. 0.]
17	1	[0. 1.]	[0. 0.]
18	0	[1. 0.]	[0. 0.]
18	1	[0. 1.]	[0. 0.]
19	0	[1. 0.]	[0. 0.]
19	1	[0. 1.]	[0. 0.]
20	0	[0.6433873  0.35661269]	[0.41655905 0.41655906]
20	1	[0. 1.]	[0. 0.]
21	0	[1. 0.]	[0. 0.]
21	1	[0. 1.]	[0. 0.]
22	0	[0.99847671 0.00152329]	[0.03086525 0.03086525]
22	1	[4.47320044e-07 9.99999553e-01]	[1.11999828e-05 1.11987278e-05]
23	0	[0.43408139 0.56591861]	[0.4750575  0.47505751]
23	1	[3.18201331e-13 1.00000000e+00]	[9.55537452e-12 0.00000000e+00]
24	0	[1. 0.]	[0. 0.]
24	1	[0. 1.]	[0. 0.]
25	0	[0.35684293 0.64315707]	[0.44192411 0.44192412]
25	1	[0.07931828 0.92068172]	[0.25396233 0.25396233]
26	0	[1. 0.]	[0. 0.]
26	1	[0. 1.]	[0. 0.]
27	0	[1. 0.]	[0. 0.]
27	1	[0.00195953 0.99804047]	[0.04361498 0.04361498]
28	0	[1. 0.]	[0. 0.]
28	1	[0. 1.]	[0. 0.]
29	0	[0.987924 0.012076]	[0.0838314 0.0838314]
29	1	[1.26777437e-10 1.00000000e+00]	[4.00704953e-09 3.76784340e-09]
30	0	[0.98125795 0.01874205]	[0.11796153 0.11796153]
30	1	[0. 1.]	[0. 0.]
31	0	[1. 0.]	[0. 0.]
31	1	[6.77497562e-34 1.00000000e+00]	[2.13646573e-32 0.00000000e+00]
32	0	[1. 0.]	[0. 0.]
32	1	[1.02995437e-45 1.00000000e+00]	[3.15933849e-44 0.00000000e+00]
33	0	[1. 0.]	[0. 0.]
33	1	[0. 1.]	[0. 0.]
34	0	[1. 0.]	[0. 0.]
34	1	[0.00189049 0.99810951]	[0.04230128 0.04230128]
35	0	[1. 0.]	[0. 0.]
35	1	[3.7186742e-17 1.0000000e+00]	[5.79581757e-16 0.00000000e+00]
36	0	[9.99974468e-01 2.55318465e-05]	[0.0006032 0.0006032]
36	1	[2.18385069e-04 9.99781615e-01]	[0.0069024 0.0069024]
37	0	[1. 0.]	[0. 0.]
37	1	[0. 1.]	[0. 0.]
38	0	[1. 0.]	[0. 0.]
38	1	[0. 1.]	[0. 0.]
39	0	[1. 0.]	[0. 0.]
39	1	[0. 1.]	[0. 0.]
40	0	[1. 0.]	[0. 0.]
40	1	[7.00649232e-47 1.00000000e+00]	[2.21453931e-45 0.00000000e+00]
41	0	[1. 0.]	[0. 0.]
41	1	[0. 1.]	[0. 0.]
42	0	[1. 0.]	[0. 0.]
42	1	[0. 1.]	[0. 0.]
43	0	[0.85257306 0.14742694]	[0.30286181 0.30286181]
43	1	[0. 1.]	[0. 0.]
44	0	[0.81591541 0.1840846]	[0.3524422 0.3524422]
44	1	[0.00198273 0.99801727]	[0.04429248 0.04429248]
45	0	[1. 0.]	[0. 0.]
45	1	[0.00455634 0.99544366]	[0.06513743 0.06513743]
46	0	[1. 0.]	[0. 0.]
46	1	[3.93220911e-21 1.00000000e+00]	[1.19589249e-19 0.00000000e+00]
47	0	[1. 0.]	[0. 0.]
47	1	[0. 1.]	[0. 0.]
48	0	[0.99546332 0.00453668]	[0.05240521 0.05240521]
48	1	[0. 1.]	[0. 0.]
49	0	[1. 0.]	[0. 0.]
49	1	[3.49875054e-16 1.00000000e+00]	[1.09909675e-14 0.00000000e+00]
50	0	[0.95995733 0.04004267]	[0.16215634 0.16215634]
50	1	[1.2726241e-26 1.0000000e+00]	[4.02237805e-25 0.00000000e+00]
51	0	[1. 0.]	[0. 0.]
51	1	[0. 1.]	[0. 0.]
52	0	[0.33011093 0.66988907]	[0.42869382 0.42869382]
52	1	[0. 1.]	[0. 0.]
53	0	[1. 0.]	[0. 0.]
53	1	[4.70385142e-08 9.99999953e-01]	[1.48011088e-06 1.48077409e-06]
54	0	[1. 0.]	[0. 0.]
54	1	[1.08529354e-36 1.00000000e+00]	[3.43028275e-35 0.00000000e+00]
55	0	[0.99667031 0.00332969]	[0.04160141 0.04160141]
55	1	[5.92728019e-25 1.00000000e+00]	[1.4249752e-23 0.0000000e+00]
56	0	[1. 0.]	[0. 0.]
56	1	[0. 1.]	[0. 0.]
57	0	[0.74352449 0.25647551]	[0.39437997 0.39437997]
57	1	[2.42110603e-04 9.99757890e-01]	[0.00341793 0.00341793]
58	0	[1. 0.]	[0. 0.]
58	1	[2.48517312e-32 1.00000000e+00]	[7.83309716e-31 0.00000000e+00]
59	0	[1. 0.]	[0. 0.]
59	1	[0. 1.]	[0. 0.]
60	0	[0.54329104 0.45670896]	[0.4767618 0.4767618]
60	1	[2.16029571e-09 9.99999998e-01]	[6.82803827e-08 6.78211811e-08]
61	0	[1. 0.]	[0. 0.]
61	1	[0.0274576 0.9725424]	[0.1514777  0.15147771]
62	0	[0.98243309 0.01756691]	[0.1063744 0.1063744]
62	1	[1.40273948e-06 9.99998597e-01]	[4.33811344e-05 4.33810764e-05]
63	0	[1. 0.]	[0. 0.]
63	1	[3.64750749e-23 1.00000000e+00]	[1.13840606e-21 0.00000000e+00]
64	0	[1. 0.]	[0. 0.]
64	1	[9.94806199e-12 1.00000000e+00]	[3.14428008e-10 0.00000000e+00]
65	0	[0.95870697 0.04129303]	[0.18911975 0.18911975]
65	1	[0. 1.]	[0. 0.]
66	0	[1. 0.]	[0. 0.]
66	1	[0. 1.]	[0. 0.]
67	0	[1. 0.]	[0. 0.]
67	1	[2.20084757e-23 1.00000000e+00]	[4.27686559e-22 0.00000000e+00]
68	0	[1. 0.]	[0. 0.]
68	1	[0. 1.]	[0. 0.]
69	0	[0.99495112 0.00504888]	[0.06032489 0.06032489]
69	1	[9.82755780e-04 9.99017244e-01]	[0.03106192 0.03106193]
70	0	[1. 0.]	[0. 0.]
70	1	[4.47710321e-14 1.00000000e+00]	[1.41501366e-12 0.00000000e+00]
71	0	[1. 0.]	[0. 0.]
71	1	[0. 1.]	[0. 0.]
72	0	[1. 0.]	[0. 0.]
72	1	[9.96153596e-25 1.00000000e+00]	[3.13504086e-23 0.00000000e+00]
73	0	[1. 0.]	[0. 0.]
73	1	[0. 1.]	[0. 0.]
74	0	[1. 0.]	[0. 0.]
74	1	[0. 1.]	[0. 0.]
75	0	[0.90131278 0.09868722]	[0.26009672 0.26009672]
75	1	[7.59962032e-12 1.00000000e+00]	[2.39710736e-10 0.00000000e+00]
76	0	[0.4195592  0.58044079]	[0.43282768 0.43282768]
76	1	[8.59497867e-28 1.00000000e+00]	[2.25883359e-26 0.00000000e+00]
77	0	[0.3956723 0.6043277]	[0.47819186 0.47819186]
77	1	[0. 1.]	[0. 0.]
78	0	[1. 0.]	[0. 0.]
78	1	[8.30738649e-41 1.00000000e+00]	[2.58465765e-39 0.00000000e+00]
79	0	[1. 0.]	[0. 0.]
79	1	[3.06968442e-44 1.00000000e+00]	[7.83797447e-43 0.00000000e+00]
80	0	[1. 0.]	[0. 0.]
80	1	[0. 1.]	[0. 0.]
81	0	[1. 0.]	[0. 0.]
81	1	[2.37044358e-07 9.99999763e-01]	[3.54710233e-06 3.54613436e-06]
82	0	[1. 0.]	[0. 0.]
82	1	[2.39844451e-13 1.00000000e+00]	[5.13935336e-12 0.00000000e+00]
83	0	[1. 0.]	[0. 0.]
83	1	[2.34156777e-26 1.00000000e+00]	[4.31851261e-25 0.00000000e+00]
84	0	[0.41682854 0.58317145]	[0.45911478 0.45911479]
84	1	[2.26210328e-06 9.99997738e-01]	[7.14866566e-05 7.14872823e-05]
85	0	[1. 0.]	[0. 0.]
85	1	[2.84218221e-42 1.00000000e+00]	[8.9666153e-41 0.0000000e+00]
86	0	[1. 0.]	[0. 0.]
86	1	[3.52010609e-28 1.00000000e+00]	[8.58106835e-27 0.00000000e+00]
87	0	[1. 0.]	[0. 0.]
87	1	[0. 1.]	[0. 0.]
88	0	[1. 0.]	[0. 0.]
88	1	[0. 1.]	[0. 0.]
89	0	[1. 0.]	[0. 0.]
89	1	[0. 1.]	[0. 0.]
90	0	[1. 0.]	[0. 0.]
90	1	[1.98139041e-13 1.00000000e+00]	[4.18393437e-12 0.00000000e+00]
91	0	[1. 0.]	[0. 0.]
91	1	[0. 1.]	[0. 0.]
92	0	[1. 0.]	[0. 0.]
92	1	[2.71822823e-19 1.00000000e+00]	[6.57315754e-18 0.00000000e+00]
93	0	[0.89340144 0.10659856]	[0.2841412 0.2841412]
93	1	[0. 1.]	[0. 0.]
94	0	[1. 0.]	[0. 0.]
94	1	[3.07097792e-35 1.00000000e+00]	[9.28306951e-34 0.00000000e+00]
95	0	[1. 0.]	[0. 0.]
95	1	[0. 1.]	[0. 0.]
96	0	[0.83697012 0.16302987]	[0.30166274 0.30166274]
96	1	[0. 1.]	[0. 0.]
97	0	[1. 0.]	[0. 0.]
97	1	[0. 1.]	[0. 0.]
98	0	[1. 0.]	[0. 0.]
98	1	[0. 1.]	[0. 0.]
99	0	[1. 0.]	[0. 0.]
99	1	[0. 1.]	[0. 0.]
