Seed	Class	Mean	Std
0	1	[2.14133291e-01 1.89387919e-01 1.43666391e-07 5.96478647e-01
 6.05377405e-14]	[3.19108403e-01 2.94440808e-01 4.48153330e-06 3.96816965e-01
 1.20419112e-12]
0	2	[2.41992908e-19 6.07595620e-37 8.90609979e-01 0.00000000e+00
 1.09390007e-01]	[4.18258958e-18 1.86606742e-35 2.80325453e-01 0.00000000e+00
 2.80325458e-01]
0	3	[1.19946427e-01 8.46058433e-02 1.67154123e-11 7.95447730e-01
 3.56820132e-17]	[2.48760831e-01 1.76310664e-01 5.16971093e-10 3.03715905e-01
 1.11008483e-15]
0	4	[0. 0. 0. 0. 1.]	[0. 0. 0. 0. 0.]
1	1	[6.23217321e-02 3.04728328e-01 1.73095092e-10 6.32949940e-01
 2.77106425e-20]	[1.70667659e-01 3.31546403e-01 5.45902331e-09 3.57484506e-01
 5.49846963e-19]
1	2	[6.10152524e-02 1.17351727e-07 9.03719728e-01 4.29079031e-24
 3.52649011e-02]	[2.14446581e-01 3.51913573e-06 2.67140507e-01 1.32767198e-22
 1.61799692e-01]
1	3	[1.78082921e-01 3.50150876e-02 4.57239581e-13 7.86901991e-01
 9.10214580e-16]	[3.31061770e-01 1.06230844e-01 8.86191032e-12 3.44019555e-01
 1.86368303e-14]
1	4	[0.00000000e+00 2.57480185e-43 0.00000000e+00 0.00000000e+00
 1.00000000e+00]	[0.00000000e+00 4.43721726e-42 0.00000000e+00 0.00000000e+00
 0.00000000e+00]
2	1	[6.10639045e-02 2.35159788e-01 1.57838124e-10 7.03776308e-01
 6.89237564e-16]	[1.68224620e-01 3.21862626e-01 4.83489555e-09 3.53340607e-01
 2.14962093e-14]
2	2	[3.66434448e-11 7.11921111e-28 8.68620318e-01 0.00000000e+00
 1.31379697e-01]	[1.05228542e-09 1.61412034e-26 3.21091637e-01 0.00000000e+00
 3.21091630e-01]
2	3	[8.55163910e-02 4.05730594e-02 1.08371152e-10 8.73910548e-01
 1.07688445e-15]	[2.28345647e-01 1.16273575e-01 3.42526667e-09 2.57811434e-01
 2.44372251e-14]
2	4	[0. 0. 0. 0. 1.]	[0. 0. 0. 0. 0.]
3	1	[1.68058039e-01 2.46253939e-01 1.27168963e-08 5.85688009e-01
 4.95237890e-12]	[2.85726177e-01 3.28787045e-01 3.26915896e-07 3.99496956e-01
 1.56080038e-10]
3	2	[9.08626871e-15 1.07484079e-30 9.07243554e-01 0.00000000e+00
 9.27564520e-02]	[1.33909536e-13 2.42011043e-29 2.53067392e-01 0.00000000e+00
 2.53067398e-01]
3	3	[9.93832987e-02 9.20297358e-02 3.30713811e-14 8.08586965e-01
 3.03089678e-20]	[2.37631417e-01 1.88948264e-01 9.05208108e-13 3.01065470e-01
 7.77399329e-19]
3	4	[0. 0. 0. 0. 1.]	[0. 0. 0. 0. 0.]
4	1	[4.17375166e-02 2.20285644e-01 6.97696484e-14 7.37976840e-01
 8.19096843e-13]	[1.36193316e-01 2.88954405e-01 1.02325564e-12 3.16988316e-01
 2.58889796e-11]
4	2	[1.91757508e-01 8.50134477e-06 7.97502600e-01 1.73494904e-12
 1.07313960e-02]	[3.60932412e-01 2.39432462e-04 3.69936451e-01 5.48296787e-11
 8.95095691e-02]
4	3	[1.47675117e-01 8.99406804e-02 1.51539586e-11 7.62384202e-01
 9.97489410e-17]	[2.92727491e-01 1.90921978e-01 4.53648125e-10 3.44121730e-01
 3.14810343e-15]
4	4	[0. 0. 0. 0. 1.]	[0. 0. 0. 0. 0.]
5	1	[3.06786244e-02 2.07023234e-01 2.92369556e-13 7.62298140e-01
 9.02555914e-20]	[1.09369406e-01 2.91698858e-01 7.12989573e-12 3.11739249e-01
 2.77361355e-18]
5	2	[8.00841377e-02 1.34423077e-06 9.15074423e-01 2.18263491e-20
 4.84009141e-03]	[2.39040437e-01 1.64970322e-05 2.47027897e-01 4.07253708e-19
 6.02686734e-02]
5	3	[1.43378199e-01 7.97569470e-02 2.42687890e-11 7.76864856e-01
 3.96730486e-16]	[2.80885591e-01 1.84881158e-01 7.53807628e-10 3.29483933e-01
 9.72655837e-15]
5	4	[0. 0. 0. 0. 1.]	[0. 0. 0. 0. 0.]
6	1	[2.29453055e-01 2.96707771e-01 3.08668960e-08 4.73839142e-01
 4.81258037e-11]	[3.13805033e-01 3.46672714e-01 6.75240015e-07 3.94773724e-01
 1.48780214e-09]
6	2	[7.45331666e-08 1.79884312e-21 6.96369956e-01 0.00000000e+00
 3.03629967e-01]	[2.35049217e-06 5.45408379e-20 4.36503813e-01 0.00000000e+00
 4.36503697e-01]
6	3	[1.62195647e-01 6.00450878e-02 3.96688415e-11 7.77759263e-01
 9.26819192e-19]	[3.03821806e-01 1.60270031e-01 9.22024933e-10 3.43438203e-01
 1.54531470e-17]
6	4	[0.00000000e+00 6.62727856e-39 0.00000000e+00 0.00000000e+00
 1.00000000e+00]	[0.00000000e+00 2.09463321e-37 0.00000000e+00 0.00000000e+00
 0.00000000e+00]
7	1	[2.00473872e-01 2.20310307e-01 3.18816331e-08 5.79215790e-01
 1.01841720e-16]	[3.13695971e-01 2.88936903e-01 9.90964664e-07 3.94081472e-01
 2.84592909e-15]
7	2	[2.27028659e-04 1.23408731e-12 8.92097936e-01 1.02294788e-46
 1.07675036e-01]	[5.99998166e-03 3.22578467e-11 2.81436228e-01 3.23322740e-45
 2.81450466e-01]
7	3	[1.47171341e-01 7.58876801e-02 7.55518016e-14 7.76940978e-01
 1.19771708e-19]	[2.91895942e-01 1.74094085e-01 1.47704006e-12 3.35557267e-01
 1.93857935e-18]
7	4	[0. 0. 0. 0. 1.]	[0. 0. 0. 0. 0.]
8	1	[1.15538348e-01 1.92388889e-01 3.04927535e-12 6.92072764e-01
 1.45481420e-15]	[2.37048645e-01 2.81462019e-01 4.17829577e-11 3.51184996e-01
 4.19333473e-14]
8	2	[4.26757675e-35 0.00000000e+00 6.35094604e-01 0.00000000e+00
 3.64905401e-01]	[1.34766087e-33 0.00000000e+00 4.70684942e-01 0.00000000e+00
 4.70684944e-01]
8	3	[2.15190682e-01 7.64141746e-02 1.63255779e-10 7.08395144e-01
 1.70336344e-10]	[3.34536931e-01 1.82392971e-01 5.06905024e-09 3.71637034e-01
 5.38237538e-09]
8	4	[0. 0. 0. 0. 1.]	[0. 0. 0. 0. 0.]
9	1	[1.37552863e-01 1.17310283e-01 6.72351344e-12 7.45136842e-01
 1.36467898e-08]	[2.71434344e-01 2.21666984e-01 1.97171372e-10 3.41533150e-01
 4.31333555e-07]
9	2	[2.10494359e-18 3.16944425e-42 9.87619913e-01 0.00000000e+00
 1.23800912e-02]	[6.65304078e-17 1.00176502e-40 1.08808438e-01 0.00000000e+00
 1.08808436e-01]
9	3	[7.87753366e-02 1.04845606e-01 8.78617845e-13 8.16379056e-01
 7.05034006e-20]	[2.03371660e-01 2.03227950e-01 1.57462682e-11 2.83173585e-01
 1.90344843e-18]
9	4	[0. 0. 0. 0. 1.]	[0. 0. 0. 0. 0.]
10	1	[1.28389725e-01 1.77942906e-01 1.02895172e-09 6.93667367e-01
 6.26945701e-14]	[2.55421823e-01 2.69826505e-01 3.17597937e-08 3.55053089e-01
 1.98136668e-12]
10	2	[6.67774977e-37 0.00000000e+00 9.42220104e-01 0.00000000e+00
 5.77798898e-02]	[1.18123010e-35 0.00000000e+00 2.29678200e-01 0.00000000e+00
 2.29678202e-01]
10	3	[1.95344143e-01 6.54170947e-02 4.04595929e-13 7.39238764e-01
 1.26919696e-14]	[3.24093226e-01 1.59293755e-01 4.39329470e-12 3.54418263e-01
 3.05945961e-13]
10	4	[0. 0. 0. 0. 1.]	[0. 0. 0. 0. 0.]
11	1	[9.79211639e-02 1.49131491e-01 1.31387218e-10 7.52947344e-01
 3.68782720e-15]	[2.21338610e-01 2.51925018e-01 2.86836858e-09 3.28419909e-01
 1.08195677e-13]
11	2	[9.14768194e-23 3.64975396e-39 8.30627566e-01 0.00000000e+00
 1.69372432e-01]	[2.89047549e-21 1.15347223e-37 3.70447677e-01 0.00000000e+00
 3.70447677e-01]
11	3	[1.30982465e-01 6.46032892e-02 2.53808933e-12 8.04414245e-01
 9.62304767e-20]	[2.77845427e-01 1.61867392e-01 7.88109864e-11 3.20546280e-01
 2.92584938e-18]
11	4	[0. 0. 0. 0. 1.]	[0. 0. 0. 0. 0.]
12	1	[1.79111070e-01 1.82397338e-01 6.78231342e-07 6.38490758e-01
 1.56151443e-07]	[2.79488401e-01 2.81083800e-01 2.11973344e-05 3.67539622e-01
 4.93532001e-06]
12	2	[4.23847533e-27 1.40129846e-48 9.87775254e-01 0.00000000e+00
 1.22247347e-02]	[1.08800811e-25 4.42907863e-47 9.47864080e-02 0.00000000e+00
 9.47864054e-02]
12	3	[1.19635609e-01 7.19209522e-02 7.89014048e-13 8.08443438e-01
 3.65814320e-20]	[2.56679127e-01 1.71886615e-01 1.75079672e-11 3.08751163e-01
 7.08250652e-19]
12	4	[8.26766094e-47 2.09131665e-36 0.00000000e+00 0.00000000e+00
 1.00000000e+00]	[2.52603978e-45 6.33396050e-35 0.00000000e+00 0.00000000e+00
 0.00000000e+00]
13	1	[1.78332375e-01 1.58456615e-01 4.30192173e-06 6.63206707e-01
 2.61597390e-11]	[3.04761326e-01 2.67425424e-01 1.35925454e-04 3.80368893e-01
 8.21502914e-10]
13	2	[5.82169699e-31 0.00000000e+00 9.45647301e-01 0.00000000e+00
 5.43527017e-02]	[1.83996698e-29 0.00000000e+00 2.22608807e-01 0.00000000e+00
 2.22608798e-01]
13	3	[1.29721885e-01 8.19941902e-02 1.09150024e-12 7.88283924e-01
 2.00002656e-12]	[2.77575923e-01 1.84679442e-01 2.70622994e-11 3.24847744e-01
 6.32072815e-11]
13	4	[0. 0. 0. 0. 1.]	[0. 0. 0. 0. 0.]
14	1	[1.18564652e-01 1.33977452e-01 6.00007250e-09 7.47457889e-01
 4.68705129e-16]	[2.53199902e-01 2.29432201e-01 1.81897349e-07 3.32307103e-01
 1.34664754e-14]
14	2	[1.57620279e-02 3.43684997e-07 8.40320579e-01 6.37833205e-30
 1.43917053e-01]	[1.12756024e-01 8.01741178e-06 3.48917791e-01 1.83999596e-28
 3.35732385e-01]
14	3	[3.65238196e-02 5.59665023e-02 2.71913529e-15 9.07509677e-01
 5.75046638e-22]	[1.42550974e-01 1.45527948e-01 7.68894434e-14 2.08073755e-01
 1.81295842e-20]
14	4	[0. 0. 0. 0. 1.]	[0. 0. 0. 0. 0.]
15	1	[9.36845494e-02 1.40504980e-01 9.22512022e-13 7.65810471e-01
 1.70763638e-18]	[2.24575809e-01 2.46038645e-01 2.02853972e-11 3.26670741e-01
 3.43541684e-17]
15	2	[1.23972553e-01 1.31525225e-03 8.40811032e-01 9.14228329e-16
 3.39011663e-02]	[3.03678604e-01 2.99314783e-02 3.39764504e-01 2.88959794e-14
 1.56272047e-01]
15	3	[1.05545053e-01 5.76815016e-02 2.58176273e-12 8.36773443e-01
 8.74818005e-17]	[2.41392842e-01 1.52364772e-01 6.18980615e-11 2.82262150e-01
 1.84629095e-15]
15	4	[0.00000000e+00 1.26397121e-45 0.00000000e+00 0.00000000e+00
 1.00000000e+00]	[0.00000000e+00 3.99502892e-44 0.00000000e+00 0.00000000e+00
 0.00000000e+00]
16	1	[7.99879598e-02 4.16979868e-01 8.83540147e-10 5.03032172e-01
 2.40661213e-13]	[1.89677439e-01 3.55815995e-01 9.62697081e-09 3.68379710e-01
 4.27042758e-12]
16	2	[4.44628845e-10 6.66051806e-24 8.41072968e-01 0.00000000e+00
 1.58927032e-01]	[8.19035471e-09 1.97855061e-22 3.50780239e-01 0.00000000e+00
 3.50780241e-01]
16	3	[1.48723460e-01 6.34800166e-02 3.32800180e-12 7.87796525e-01
 2.02038451e-18]	[2.87713904e-01 1.58487543e-01 9.18738092e-11 3.24585819e-01
 3.88315227e-17]
16	4	[0. 0. 0. 0. 1.]	[0. 0. 0. 0. 0.]
17	1	[5.98123660e-02 2.14787954e-01 1.90420312e-12 7.25399680e-01
 1.73946643e-19]	[1.74675487e-01 2.94160937e-01 5.89498686e-11 3.33402221e-01
 4.38661217e-18]
17	2	[9.11365659e-02 2.22162253e-06 8.89968933e-01 5.27513991e-20
 1.88923059e-02]	[2.58905946e-01 4.15839439e-05 2.81852752e-01 1.45831775e-18
 1.11232451e-01]
17	3	[1.07874148e-01 7.95082878e-02 4.28507533e-12 8.12617565e-01
 5.61400588e-16]	[2.46964779e-01 1.82023432e-01 1.12605105e-10 3.07923445e-01
 1.77105865e-14]
17	4	[0. 0. 0. 0. 1.]	[0. 0. 0. 0. 0.]
18	1	[9.11780550e-02 2.26515069e-01 7.40979963e-09 6.82306870e-01
 3.43460559e-15]	[2.13494451e-01 3.05835937e-01 2.32530407e-07 3.59061639e-01
 9.09703799e-14]
18	2	[0.         0.         0.05831446 0.         0.94168554]	[0.         0.         0.23114347 0.         0.23114347]
18	3	[7.22809050e-02 5.44600232e-02 2.19145582e-14 8.73259071e-01
 1.06777167e-20]	[1.99932551e-01 1.57827129e-01 4.06634562e-13 2.56713604e-01
 2.18880567e-19]
18	4	[0. 0. 0. 0. 1.]	[0. 0. 0. 0. 0.]
19	1	[1.91441522e-01 2.72470179e-01 3.94618868e-08 5.36088260e-01
 2.39587821e-10]	[3.01373087e-01 3.38553102e-01 1.21752621e-06 3.95517448e-01
 6.77301463e-09]
19	2	[1.16769980e-04 2.90556812e-13 7.80164395e-01 2.80259693e-47
 2.19718833e-01]	[3.61616768e-03 9.18238734e-12 3.87502260e-01 8.85815725e-46
 3.87550509e-01]
19	3	[1.98768453e-01 6.41535552e-02 9.47524959e-12 7.37077990e-01
 1.42889224e-16]	[3.30305069e-01 1.59874396e-01 2.65386645e-10 3.61699818e-01
 3.92382560e-15]
19	4	[0. 0. 0. 0. 1.]	[0. 0. 0. 0. 0.]
20	1	[3.02723640e-01 2.75819951e-01 1.06755399e-04 4.21349654e-01
 1.38168982e-10]	[3.50220073e-01 3.45873224e-01 3.30182328e-03 4.04281934e-01
 4.21895965e-09]
20	2	[2.80259693e-48 0.00000000e+00 1.57622818e-01 0.00000000e+00
 8.42377208e-01]	[8.85815725e-47 0.00000000e+00 3.58577203e-01 0.00000000e+00
 3.58577221e-01]
20	3	[1.02949453e-01 9.38106596e-02 1.23056059e-14 8.03239888e-01
 1.61401458e-22]	[2.52474386e-01 1.95040448e-01 3.66349904e-13 3.15633247e-01
 3.81912259e-21]
20	4	[0. 0. 0. 0. 1.]	[0. 0. 0. 0. 0.]
21	1	[9.75500206e-02 1.16289538e-01 1.29307202e-10 7.86160441e-01
 2.96728292e-19]	[2.35152827e-01 2.12864283e-01 4.05581421e-09 3.13341333e-01
 6.73609307e-18]
21	2	[1.06177634e-19 7.67842004e-40 7.50959374e-01 0.00000000e+00
 2.49040631e-01]	[2.68598653e-18 1.83795384e-38 4.26061124e-01 0.00000000e+00
 4.26061132e-01]
21	3	[5.57328234e-02 3.31349066e-02 1.35216674e-15 9.11132269e-01
 1.33187325e-19]	[1.77080147e-01 1.15889493e-01 3.03103314e-14 2.15522377e-01
 3.14454851e-18]
21	4	[0. 0. 0. 0. 1.]	[0. 0. 0. 0. 0.]
22	1	[1.26458546e-01 2.28502107e-01 1.39974444e-07 6.45039208e-01
 1.25339255e-11]	[2.50981269e-01 3.09586435e-01 4.26948047e-06 3.74416954e-01
 3.96123201e-10]
22	2	[2.65346337e-01 3.34877082e-03 7.31304657e-01 2.97270539e-09
 2.22738097e-07]	[3.93418936e-01 1.39534355e-02 3.98703128e-01 6.79791582e-08
 6.75435114e-06]
22	3	[1.84705958e-01 4.83011291e-02 2.44361713e-11 7.66992914e-01
 2.90669221e-16]	[3.19700204e-01 1.35891029e-01 7.08668096e-10 3.42429776e-01
 7.83886838e-15]
22	4	[0. 0. 0. 0. 1.]	[0. 0. 0. 0. 0.]
23	1	[1.64140863e-01 3.11834832e-01 6.69934406e-10 5.24024305e-01
 5.33629136e-12]	[2.80826928e-01 3.58590119e-01 1.41126418e-08 3.99467265e-01
 1.67578047e-10]
23	2	[0.         0.         0.99138251 0.         0.00861748]	[0.         0.         0.08822242 0.         0.08822242]
23	3	[1.32741125e-01 6.62790027e-02 4.79904922e-12 8.00979873e-01
 3.76200161e-15]	[2.67674343e-01 1.57578405e-01 1.29861206e-10 3.11178422e-01
 9.20231015e-14]
23	4	[0. 0. 0. 0. 1.]	[0. 0. 0. 0. 0.]
24	1	[2.08903246e-01 1.53636585e-01 3.75410067e-09 6.37460165e-01
 1.01453753e-12]	[3.18276808e-01 2.45590884e-01 6.98004397e-08 3.81458170e-01
 3.18875488e-11]
24	2	[1.00226263e-02 1.49946573e-08 9.89974214e-01 6.44866682e-25
 3.13831090e-06]	[8.85846216e-02 3.89979317e-07 8.85846641e-02 1.50373135e-23
 8.51039318e-05]
24	3	[1.86259844e-01 4.86412553e-02 8.42582347e-10 7.65098901e-01
 8.52416875e-15]	[3.20075879e-01 1.56516069e-01 2.65926949e-08 3.48878752e-01
 1.88485598e-13]
24	4	[2.01158869e-26 1.32586102e-19 3.22298647e-47 0.00000000e+00
 1.00000000e+00]	[6.35802055e-25 4.19064353e-18 1.01868808e-45 0.00000000e+00
 0.00000000e+00]
25	1	[1.25302398e-01 3.27478235e-01 2.92775607e-08 5.47219337e-01
 7.33746665e-14]	[2.35260233e-01 3.59728056e-01 9.15662507e-07 3.89101325e-01
 2.12256534e-12]
25	2	[2.91151059e-16 1.18989604e-36 9.71102485e-01 0.00000000e+00
 2.88974810e-02]	[8.06899008e-15 3.63385039e-35 1.63368803e-01 0.00000000e+00
 1.63368814e-01]
25	3	[1.81943639e-01 6.49817515e-02 3.93370900e-14 7.53074607e-01
 8.31065296e-18]	[3.18122354e-01 1.71296120e-01 5.67101975e-13 3.51123728e-01
 2.09779881e-16]
25	4	[0. 0. 0. 0. 1.]	[0. 0. 0. 0. 0.]
26	1	[1.01242201e-01 2.13662061e-01 3.17829367e-12 6.85095738e-01
 7.12591249e-14]	[2.17462109e-01 2.96359652e-01 4.91663536e-11 3.52834866e-01
 2.06379907e-12]
26	2	[8.28398387e-39 0.00000000e+00 8.05251583e-01 0.00000000e+00
 1.94748410e-01]	[2.15732601e-37 0.00000000e+00 3.93925235e-01 0.00000000e+00
 3.93925238e-01]
26	3	[1.77381114e-01 6.01344693e-02 1.41683647e-11 7.62484418e-01
 5.46845397e-16]	[3.08150329e-01 1.60254414e-01 3.50102586e-10 3.42160627e-01
 1.24911512e-14]
26	4	[0. 0. 0. 0. 1.]	[0. 0. 0. 0. 0.]
27	1	[1.84776683e-01 4.02466824e-01 1.29244355e-06 4.12755203e-01
 1.65953357e-11]	[2.78717313e-01 3.83773827e-01 3.72195696e-05 3.94562230e-01
 2.79785657e-10]
27	2	[9.03020001e-15 9.95714224e-33 9.77885414e-01 0.00000000e+00
 2.21145864e-02]	[2.83946020e-13 3.14060230e-31 1.39818287e-01 0.00000000e+00
 1.39818285e-01]
27	3	[1.58341190e-01 9.24307363e-02 7.45525070e-11 7.49228072e-01
 2.00995536e-15]	[3.05456485e-01 1.97853679e-01 1.67283427e-09 3.55372314e-01
 6.35208219e-14]
27	4	[0. 0. 0. 0. 1.]	[0. 0. 0. 0. 0.]
28	1	[1.89524103e-01 2.63188053e-01 6.00494935e-07 5.47287243e-01
 1.85461221e-12]	[2.92000118e-01 3.10891994e-01 1.49827034e-05 3.75723003e-01
 4.32183647e-11]
28	2	[8.17943947e-31 0.00000000e+00 7.58325912e-01 0.00000000e+00
 2.41674093e-01]	[1.54284722e-29 0.00000000e+00 4.20968553e-01 0.00000000e+00
 4.20968557e-01]
28	3	[1.47590227e-01 4.82931972e-02 1.20803549e-12 8.04116576e-01
 9.05846136e-17]	[2.97302297e-01 1.40231457e-01 2.56219016e-11 3.28456360e-01
 2.17216580e-15]
28	4	[0. 0. 0. 0. 1.]	[0. 0. 0. 0. 0.]
29	1	[1.46079253e-01 1.38647489e-01 1.23065521e-09 7.15273258e-01
 1.16179187e-18]	[2.82084531e-01 2.33978909e-01 3.58040157e-08 3.54173010e-01
 2.60009954e-17]
29	2	[5.58796061e-20 1.12989456e-41 9.23893692e-01 0.00000000e+00
 7.61063113e-02]	[1.72722987e-18 3.11767961e-40 2.58765299e-01 0.00000000e+00
 2.58765298e-01]
29	3	[1.08770930e-01 7.81558257e-02 4.62245792e-12 8.13073244e-01
 9.01206647e-18]	[2.43657155e-01 1.76379630e-01 1.26991606e-10 2.99130521e-01
 2.84717283e-16]
29	4	[0. 0. 0. 0. 1.]	[0. 0. 0. 0. 0.]
30	1	[1.21762354e-01 1.58031434e-01 3.29746365e-11 7.20206211e-01
 8.31853369e-17]	[2.47765446e-01 2.59156239e-01 7.17388635e-10 3.49862836e-01
 1.33525268e-15]
30	2	[1.70627155e-10 2.24690370e-17 9.09127292e-01 0.00000000e+00
 9.08727108e-02]	[3.56858069e-09 6.80816994e-16 2.70429498e-01 0.00000000e+00
 2.70429497e-01]
30	3	[1.29567455e-01 7.93991582e-02 1.78078594e-09 7.91033385e-01
 1.53348053e-14]	[2.62647421e-01 1.91417611e-01 3.85537608e-08 3.24334897e-01
 2.87101027e-13]
30	4	[0. 0. 0. 0. 1.]	[0. 0. 0. 0. 0.]
31	1	[1.18106698e-01 4.09915275e-01 2.62468855e-08 4.71978003e-01
 1.99410717e-13]	[2.28824018e-01 3.64325876e-01 5.91875352e-07 3.80149434e-01
 3.48053931e-12]
31	2	[5.51387548e-19 2.89375888e-38 9.83160984e-01 0.00000000e+00
 1.68390183e-02]	[1.74270898e-17 9.14628427e-37 1.16957439e-01 0.00000000e+00
 1.16957439e-01]
31	3	[2.42555996e-01 8.04979899e-02 1.42029030e-11 6.76946014e-01
 9.79652282e-14]	[3.70426037e-01 1.74839705e-01 3.34633843e-10 3.98415396e-01
 3.07867796e-12]
31	4	[0. 0. 0. 0. 1.]	[0. 0. 0. 0. 0.]
32	1	[7.46092800e-02 2.40855797e-01 9.66881855e-09 6.84534913e-01
 7.21406009e-20]	[1.92742501e-01 3.05642205e-01 3.04460757e-07 3.48295202e-01
 1.48145124e-18]
32	2	[6.72687605e-10 5.11357078e-30 9.38235301e-01 0.00000000e+00
 6.17647029e-02]	[2.11536902e-08 1.54881387e-28 2.22927938e-01 0.00000000e+00
 2.22927941e-01]
32	3	[1.01298540e-01 1.03248059e-01 2.98455862e-12 7.95453403e-01
 2.13485439e-20]	[2.36159793e-01 2.05903072e-01 9.36518455e-11 3.07945226e-01
 6.58776104e-19]
32	4	[0. 0. 0. 0. 1.]	[0. 0. 0. 0. 0.]
33	1	[1.25352876e-01 1.59929651e-01 8.81128033e-10 7.14717473e-01
 7.28930484e-16]	[2.56724919e-01 2.60832172e-01 2.58121700e-08 3.53272084e-01
 2.24488630e-14]
33	2	[9.56886241e-39 0.00000000e+00 8.63075884e-01 0.00000000e+00
 1.36924112e-01]	[2.44200117e-37 0.00000000e+00 3.42271155e-01 0.00000000e+00
 3.42271157e-01]
33	3	[1.96797277e-01 9.34055288e-02 1.05306149e-06 7.09796141e-01
 7.34112433e-12]	[3.24368753e-01 2.04256120e-01 3.02963393e-05 3.66638188e-01
 2.32022646e-10]
33	4	[0. 0. 0. 0. 1.]	[0. 0. 0. 0. 0.]
34	1	[1.00438238e-01 1.54272685e-01 2.35139679e-10 7.45289077e-01
 5.08115825e-13]	[2.23762977e-01 2.59202330e-01 6.57207455e-09 3.40756347e-01
 1.60219745e-11]
34	2	[2.04627010e-28 4.48415509e-47 8.58740234e-01 0.00000000e+00
 1.41259779e-01]	[6.10069239e-27 1.41730516e-45 2.87477000e-01 0.00000000e+00
 2.87476986e-01]
34	3	[1.93212909e-01 7.55334869e-02 1.51838990e-11 7.31253602e-01
 1.51243240e-15]	[3.25797150e-01 1.78542279e-01 3.12111441e-10 3.58244992e-01
 3.09488353e-14]
34	4	[0. 0. 0. 0. 1.]	[0. 0. 0. 0. 0.]
35	1	[1.51901554e-01 2.04916995e-01 1.26258378e-08 6.43181437e-01
 1.10846124e-12]	[2.74012929e-01 2.86881072e-01 3.97954498e-07 3.75144425e-01
 3.50307140e-11]
35	2	[3.18971664e-30 0.00000000e+00 9.96559626e-01 0.00000000e+00
 3.44037481e-03]	[1.00508735e-28 0.00000000e+00 5.55390920e-02 0.00000000e+00
 5.55390952e-02]
35	3	[1.11369687e-01 7.44171196e-02 2.07025823e-10 8.14213195e-01
 6.09011081e-16]	[2.50676127e-01 1.85271896e-01 4.62106259e-09 3.08883273e-01
 1.01180814e-14]
35	4	[0. 0. 0. 0. 1.]	[0. 0. 0. 0. 0.]
36	1	[1.75785557e-01 2.25041096e-01 5.40657548e-07 5.99172808e-01
 4.63169815e-14]	[2.95183160e-01 2.87574614e-01 1.34988461e-05 3.73726760e-01
 1.02120447e-12]
36	2	[7.62643516e-19 5.52323357e-38 9.88915724e-01 0.00000000e+00
 1.10842730e-02]	[1.76699795e-17 1.73105758e-36 1.01616621e-01 0.00000000e+00
 1.01616621e-01]
36	3	[1.44822554e-01 6.29281124e-02 8.40811313e-14 7.92249334e-01
 4.41940897e-20]	[2.91717008e-01 1.52241215e-01 1.59174887e-12 3.28009638e-01
 1.29921074e-18]
36	4	[0. 0. 0. 0. 1.]	[0. 0. 0. 0. 0.]
37	1	[1.37442927e-01 3.18256288e-01 4.82907467e-06 5.44295956e-01
 4.60439356e-13]	[2.48084429e-01 3.55624123e-01 1.31031019e-04 3.92478647e-01
 1.41824925e-11]
37	2	[1.30577195e-43 0.00000000e+00 9.44265782e-01 0.00000000e+00
 5.57342357e-02]	[3.59759024e-42 0.00000000e+00 1.75562685e-01 0.00000000e+00
 1.75562683e-01]
37	3	[1.34591434e-01 5.32555877e-02 2.54629946e-15 8.12152978e-01
 3.27900962e-22]	[2.92668088e-01 1.43973268e-01 6.67822288e-14 3.19309097e-01
 8.47514090e-21]
37	4	[1.26786017e-02 1.60078701e-05 1.30007798e-05 8.82271232e-11
 9.87292390e-01]	[1.08675808e-01 4.30705962e-04 4.10706929e-04 2.78859110e-09
 1.08734641e-01]
38	1	[1.08183556e-01 1.36823349e-01 1.96877644e-11 7.54993095e-01
 1.02533796e-19]	[2.51455049e-01 2.34256008e-01 6.05629591e-10 3.35623589e-01
 3.13120832e-18]
38	2	[6.00885754e-03 4.11901384e-04 8.66968720e-01 2.05283770e-25
 1.26610520e-01]	[6.31120309e-02 1.29250589e-02 3.09731884e-01 6.08786454e-24
 3.02511760e-01]
38	3	[1.04021211e-01 8.06117821e-02 1.48933508e-10 8.15367006e-01
 1.39872267e-14]	[2.39250376e-01 1.79273453e-01 4.66938342e-09 2.99261504e-01
 4.42073166e-13]
38	4	[0. 0. 0. 0. 1.]	[0. 0. 0. 0. 0.]
39	1	[1.47423577e-01 2.52666613e-01 7.22362358e-08 5.99909735e-01
 3.32035583e-13]	[2.68521886e-01 3.13385481e-01 1.98177977e-06 3.76606604e-01
 8.01408723e-12]
39	2	[1.37987053e-21 9.32844388e-44 6.35638138e-01 0.00000000e+00
 3.64361860e-01]	[4.17480958e-20 2.94418454e-42 4.73942842e-01 0.00000000e+00
 4.73942836e-01]
39	3	[9.87014736e-02 8.71269158e-02 3.00453900e-12 8.14171611e-01
 1.72699106e-19]	[2.38984091e-01 1.79522920e-01 9.42579567e-11 3.00668528e-01
 5.32983381e-18]
39	4	[0. 0. 0. 0. 1.]	[0. 0. 0. 0. 0.]
40	1	[8.73354917e-02 2.68413520e-01 6.32953110e-10 6.44250989e-01
 9.22618812e-15]	[2.01259200e-01 3.28885986e-01 1.18063170e-08 3.63111868e-01
 1.33641220e-13]
40	2	[1.22859257e-01 2.58387638e-06 8.70591078e-01 6.10768121e-20
 6.54705631e-03]	[2.93703294e-01 3.48133544e-05 3.01408504e-01 1.25830263e-18
 7.04987912e-02]
40	3	[2.46659488e-01 9.56593540e-02 2.45693218e-06 6.57678702e-01
 5.53656604e-14]	[3.48291398e-01 2.01251744e-01 7.75750799e-05 3.83701181e-01
 1.67081742e-12]
40	4	[0. 0. 0. 0. 1.]	[0. 0. 0. 0. 0.]
41	1	[1.91817171e-01 1.35161124e-01 3.94075428e-11 6.73021707e-01
 7.57097014e-15]	[3.24825540e-01 2.33589631e-01 1.12536558e-09 3.83676331e-01
 2.38758852e-13]
41	2	[8.73253833e-20 1.60389549e-40 9.71652816e-01 0.00000000e+00
 2.83471815e-02]	[2.76008983e-18 5.06942560e-39 1.49294174e-01 0.00000000e+00
 1.49294173e-01]
41	3	[9.26157256e-02 3.69357654e-02 1.99711595e-14 8.70448509e-01
 6.37123835e-16]	[2.29760011e-01 1.15614901e-01 6.21602217e-13 2.60289534e-01
 1.99872120e-14]
41	4	[0. 0. 0. 0. 1.]	[0. 0. 0. 0. 0.]
42	1	[4.64508102e-02 2.01717115e-01 1.57786003e-13 7.51832075e-01
 1.08508864e-20]	[1.44429947e-01 2.84458753e-01 3.19491957e-12 3.13196796e-01
 1.57364727e-19]
42	2	[8.65889651e-02 7.96383933e-06 9.05741962e-01 1.86168565e-19
 7.66110672e-03]	[2.54418416e-01 2.46381865e-04 2.65408773e-01 5.36217096e-18
 7.37380857e-02]
42	3	[2.04550196e-01 5.17077508e-02 5.43511216e-11 7.43742052e-01
 1.10786833e-12]	[3.37192149e-01 1.39071142e-01 1.38889623e-09 3.57648697e-01
 3.24615283e-11]
42	4	[0. 0. 0. 0. 1.]	[0. 0. 0. 0. 0.]
43	1	[1.86583448e-01 2.04551596e-01 4.96536794e-08 6.08864907e-01
 6.62423342e-14]	[3.01105805e-01 2.90829917e-01 1.01996331e-06 3.87930555e-01
 1.31904341e-12]
43	2	[2.01100885e-09 3.05751059e-22 9.94920175e-01 0.00000000e+00
 5.07982359e-03]	[5.81572956e-08 9.42872493e-21 6.61908772e-02 0.00000000e+00
 6.61908766e-02]
43	3	[3.27189781e-01 3.54699649e-02 5.17632095e-10 6.37340253e-01
 7.58457516e-11]	[3.92441110e-01 1.14936356e-01 1.56827326e-08 4.02328879e-01
 2.39666288e-09]
43	4	[0. 0. 0. 0. 1.]	[0. 0. 0. 0. 0.]
44	1	[1.12154124e-01 2.08819324e-01 3.06735157e-09 6.79026549e-01
 1.69944322e-14]	[2.32527310e-01 3.06684265e-01 9.63010341e-08 3.62615296e-01
 5.28488458e-13]
44	2	[1.14395841e-41 0.00000000e+00 9.82503597e-01 0.00000000e+00
 1.74964087e-02]	[3.61570491e-40 0.00000000e+00 1.29248450e-01 0.00000000e+00
 1.29248443e-01]
44	3	[8.39164184e-02 6.04206446e-02 2.85177512e-11 8.55662937e-01
 2.76035975e-21]	[2.24490994e-01 1.62919621e-01 9.00502966e-10 2.79893212e-01
 7.70587609e-20]
44	4	[0. 0. 0. 0. 1.]	[0. 0. 0. 0. 0.]
45	1	[1.19587525e-01 3.42215983e-01 6.26240112e-09 5.38196487e-01
 2.55231152e-13]	[2.25268632e-01 3.60851796e-01 1.37135803e-07 3.89387319e-01
 7.97539553e-12]
45	2	[5.63357526e-02 1.54351533e-05 9.09071016e-01 4.29271539e-20
 3.45777969e-02]	[2.07483394e-01 2.85809998e-04 2.60912102e-01 1.35331811e-18
 1.57431088e-01]
45	3	[1.30636187e-01 4.03086670e-02 1.72363744e-11 8.29055145e-01
 3.99527206e-16]	[2.84006663e-01 1.24003698e-01 5.43568414e-10 3.11808078e-01
 1.23032407e-14]
45	4	[0. 0. 0. 0. 1.]	[0. 0. 0. 0. 0.]
46	1	[1.28541780e-01 9.61146185e-02 1.09396890e-13 7.75343600e-01
 6.19978711e-16]	[2.66943591e-01 1.99384232e-01 2.63687508e-12 3.27874938e-01
 1.93416855e-14]
46	2	[3.32257866e-35 0.00000000e+00 9.38362397e-01 0.00000000e+00
 6.16375835e-02]	[8.45225404e-34 0.00000000e+00 2.35869952e-01 0.00000000e+00
 2.35869955e-01]
46	3	[1.70329874e-01 6.66331060e-02 5.26792089e-12 7.63037021e-01
 3.83895593e-16]	[3.02377816e-01 1.60648044e-01 1.65206413e-10 3.38182558e-01
 1.07312317e-14]
46	4	[0. 0. 0. 0. 1.]	[0. 0. 0. 0. 0.]
47	1	[1.21124795e-01 1.41818618e-01 9.78935549e-14 7.37056587e-01
 4.84105551e-20]	[2.62608772e-01 2.43299668e-01 1.98423863e-12 3.43265452e-01
 1.47487088e-18]
47	2	[5.68142134e-31 0.00000000e+00 9.51679691e-01 0.00000000e+00
 4.83203003e-02]	[1.79085626e-29 0.00000000e+00 1.97216702e-01 0.00000000e+00
 1.97216704e-01]
47	3	[1.69630048e-01 7.49089540e-02 2.50480391e-09 7.55460996e-01
 2.88052043e-16]	[3.09179968e-01 1.72311130e-01 7.82816968e-08 3.50201007e-01
 8.81019150e-15]
47	4	[0. 0. 0. 0. 1.]	[0. 0. 0. 0. 0.]
48	1	[6.28154794e-02 1.74405723e-01 3.74027681e-14 7.62778797e-01
 8.81770947e-21]	[1.70600791e-01 2.57511605e-01 7.53205658e-13 3.09540546e-01
 1.65812651e-19]
48	2	[1.47387177e-03 1.13990224e-12 8.88531683e-01 5.79550688e-35
 1.09994442e-01]	[2.72611555e-02 2.34091944e-11 2.83991122e-01 1.83178362e-33
 2.82945956e-01]
48	3	[1.23690895e-01 7.99779953e-02 2.44888924e-12 7.96331110e-01
 1.95397612e-18]	[2.63545868e-01 1.80860252e-01 7.02802566e-11 3.20870591e-01
 5.88919928e-17]
48	4	[0. 0. 0. 0. 1.]	[0. 0. 0. 0. 0.]
49	1	[1.25523083e-01 2.51950470e-01 2.90925317e-10 6.22526446e-01
 1.78558961e-16]	[2.52344614e-01 3.17374523e-01 8.34349743e-09 3.74289774e-01
 3.68133249e-15]
49	2	[2.28275676e-01 1.68021945e-04 7.71556212e-01 1.90867353e-11
 9.15434206e-08]	[3.83324864e-01 2.05654579e-03 3.83641723e-01 5.92885717e-10
 2.54076902e-06]
49	3	[2.49640784e-01 4.37481448e-02 1.74326392e-11 7.06611069e-01
 4.49652565e-18]	[3.75597728e-01 1.34859565e-01 3.47720476e-10 3.90020249e-01
 1.39728548e-16]
49	4	[0. 0. 0. 0. 1.]	[0. 0. 0. 0. 0.]
50	1	[1.24462483e-01 1.77534648e-01 1.46048446e-10 6.98002870e-01
 3.69286379e-15]	[2.55256699e-01 2.81291727e-01 3.41770645e-09 3.62039748e-01
 9.96528042e-14]
50	2	[8.34979675e-02 1.33698622e-03 8.55019246e-01 2.48453623e-18
 6.01458070e-02]	[2.53515630e-01 2.46839000e-02 3.25523362e-01 5.56535344e-17
 2.13965120e-01]
50	3	[1.05289711e-01 8.91339950e-02 4.66793766e-08 8.05576250e-01
 1.34297077e-18]	[2.39958585e-01 1.91748081e-01 1.47494160e-06 3.07578937e-01
 3.90927266e-17]
50	4	[0. 0. 0. 0. 1.]	[0. 0. 0. 0. 0.]
51	1	[3.05636847e-01 3.58109850e-01 1.65040159e-07 3.36253139e-01
 3.30503333e-10]	[3.44664104e-01 3.73501174e-01 2.47792680e-06 3.82222259e-01
 7.23575610e-09]
51	2	[3.75547988e-46 0.00000000e+00 7.69942831e-02 0.00000000e+00
 9.23005704e-01]	[8.35157144e-45 0.00000000e+00 2.46031622e-01 0.00000000e+00
 2.46031624e-01]
51	3	[2.04937976e-01 1.16390757e-01 1.49757301e-12 6.78671268e-01
 1.50865396e-14]	[3.47878183e-01 2.15410053e-01 1.86158602e-11 3.93607555e-01
 4.55410711e-13]
51	4	[0. 0. 0. 0. 1.]	[0. 0. 0. 0. 0.]
52	1	[1.76335408e-01 1.93684176e-01 2.15383839e-07 6.29980198e-01
 2.38968065e-15]	[2.95548510e-01 2.78909994e-01 6.06957168e-06 3.71609515e-01
 5.86018479e-14]
52	2	[1.19780038e-16 6.90262102e-35 8.40327781e-01 0.00000000e+00
 1.59672237e-01]	[3.17055098e-15 2.17286860e-33 3.48907080e-01 0.00000000e+00
 3.48907068e-01]
52	3	[1.78373005e-01 7.00494052e-02 9.45489142e-12 7.51577591e-01
 6.80547430e-15]	[3.20312608e-01 1.51006346e-01 2.31126443e-10 3.50491297e-01
 2.13875393e-13]
52	4	[0. 0. 0. 0. 1.]	[0. 0. 0. 0. 0.]
53	1	[7.87392528e-02 2.15335227e-01 8.62284279e-09 7.05925513e-01
 8.14449884e-17]	[1.92267008e-01 3.11704660e-01 2.62577357e-07 3.58964124e-01
 2.06188779e-15]
53	2	[2.88399522e-28 0.00000000e+00 6.08626683e-01 0.00000000e+00
 3.91373292e-01]	[7.31076477e-27 0.00000000e+00 4.79084435e-01 0.00000000e+00
 4.79084428e-01]
53	3	[1.58869392e-01 7.02386251e-02 2.47947274e-10 7.70891981e-01
 1.31862332e-14]	[2.96455717e-01 1.78215617e-01 7.47191599e-09 3.38408500e-01
 2.73280150e-13]
53	4	[0. 0. 0. 0. 1.]	[0. 0. 0. 0. 0.]
54	1	[1.78792177e-01 2.36414056e-01 1.83206385e-08 5.84793749e-01
 1.10224685e-13]	[2.87573635e-01 3.12779897e-01 5.41320169e-07 3.80929922e-01
 1.92134228e-12]
54	2	[8.31749239e-16 6.46011277e-30 9.67657824e-01 0.00000000e+00
 3.23421747e-02]	[1.58097071e-14 2.04118153e-28 1.66287574e-01 0.00000000e+00
 1.66287574e-01]
54	3	[2.20251430e-01 6.82501013e-02 2.13172356e-10 7.11498468e-01
 8.17999754e-16]	[3.45536318e-01 1.77038680e-01 4.83033954e-09 3.73496088e-01
 2.42164480e-14]
54	4	[0. 0. 0. 0. 1.]	[0. 0. 0. 0. 0.]
55	1	[8.14483439e-02 1.97184378e-01 7.71621527e-12 7.21367279e-01
 1.98815913e-17]	[2.09612769e-01 2.96639345e-01 1.88825195e-10 3.48995079e-01
 5.42377093e-16]
55	2	[4.12063972e-17 2.31736152e-31 9.51037473e-01 0.00000000e+00
 4.89625498e-02]	[1.12343591e-15 7.32396210e-30 2.06722845e-01 0.00000000e+00
 2.06722840e-01]
55	3	[1.21886438e-01 8.18666888e-02 2.99681041e-07 7.96246574e-01
 6.86567847e-18]	[2.64943216e-01 1.91909869e-01 9.28820513e-06 3.20849838e-01
 1.76855184e-16]
55	4	[3.00158131e-45 1.27653773e-34 0.00000000e+00 0.00000000e+00
 1.00000000e+00]	[9.48708642e-44 4.03474786e-33 0.00000000e+00 0.00000000e+00
 0.00000000e+00]
56	1	[1.24403902e-01 3.74257117e-01 2.05478453e-09 5.01338980e-01
 7.55651101e-14]	[2.33036757e-01 3.69921514e-01 5.52381961e-08 3.91020471e-01
 1.31636028e-12]
56	2	[7.72303957e-41 0.00000000e+00 9.87874143e-01 0.00000000e+00
 1.21258625e-02]	[2.41371954e-39 0.00000000e+00 1.08639391e-01 0.00000000e+00
 1.08639394e-01]
56	3	[1.33495299e-01 6.94155767e-02 5.30076733e-13 7.97089123e-01
 1.86703544e-17]	[2.76056883e-01 1.72155603e-01 1.30029954e-11 3.19025528e-01
 4.49747895e-16]
56	4	[0. 0. 0. 0. 1.]	[0. 0. 0. 0. 0.]
57	1	[1.50589012e-01 1.44861396e-01 1.48094842e-11 7.04549589e-01
 1.94309364e-15]	[2.82132343e-01 2.45415131e-01 2.69067460e-10 3.56413393e-01
 6.05660369e-14]
57	2	[1.08787130e-25 0.00000000e+00 9.61098792e-01 0.00000000e+00
 3.89012081e-02]	[3.41153799e-24 0.00000000e+00 1.65161873e-01 0.00000000e+00
 1.65161874e-01]
57	3	[1.47362702e-01 4.97038946e-02 6.69688669e-13 8.02933404e-01
 2.69357353e-19]	[2.91476560e-01 1.45435901e-01 1.42201652e-11 3.25320420e-01
 8.14418443e-18]
57	4	[0. 0. 0. 0. 1.]	[0. 0. 0. 0. 0.]
58	1	[5.27484398e-02 1.59244865e-01 7.84277780e-14 7.88006695e-01
 7.67329085e-19]	[1.61852111e-01 2.53220503e-01 2.05461567e-12 3.00376614e-01
 2.41844582e-17]
58	2	[3.64316871e-34 0.00000000e+00 6.54064066e-01 0.00000000e+00
 3.45935943e-01]	[1.15018990e-32 0.00000000e+00 4.70252495e-01 0.00000000e+00
 4.70252517e-01]
58	3	[2.11134309e-01 8.96637707e-02 2.37209504e-12 6.99201921e-01
 5.68377834e-15]	[3.35218634e-01 1.81839212e-01 7.00577850e-11 3.74973813e-01
 1.79587220e-13]
58	4	[0. 0. 0. 0. 1.]	[0. 0. 0. 0. 0.]
59	1	[1.01127480e-01 1.51021624e-01 8.87361917e-11 7.47850898e-01
 2.39562835e-19]	[2.34380160e-01 2.53860017e-01 2.73310808e-09 3.39381589e-01
 6.17687063e-18]
59	2	[6.19078700e-02 7.71731584e-04 8.93991477e-01 4.20580964e-28
 4.33289258e-02]	[2.18337459e-01 1.50701660e-02 2.74969678e-01 1.23986820e-26
 1.72121279e-01]
59	3	[1.00971507e-01 9.12845125e-02 6.65449376e-10 8.07743978e-01
 1.05276371e-17]	[2.39203273e-01 2.00107479e-01 2.08823417e-08 3.10072945e-01
 2.41017051e-16]
59	4	[0. 0. 0. 0. 1.]	[0. 0. 0. 0. 0.]
60	1	[1.43043128e-01 2.30388025e-01 1.97963890e-07 6.26568649e-01
 1.06827736e-13]	[2.62725958e-01 3.16823556e-01 6.03945395e-06 3.86371994e-01
 3.31701125e-12]
60	2	[1.37431511e-17 1.92574955e-41 8.79337684e-01 0.00000000e+00
 1.20662309e-01]	[4.34379244e-16 6.08666170e-40 3.11856702e-01 0.00000000e+00
 3.11856705e-01]
60	3	[7.67217250e-02 8.01855068e-02 6.04487435e-12 8.43092769e-01
 9.07698788e-19]	[1.98678103e-01 1.85252409e-01 1.86044899e-10 2.77562538e-01
 2.82328564e-17]
60	4	[3.12521264e-04 1.05094363e-07 5.28168674e-24 1.10046759e-26
 9.99687374e-01]	[9.87783287e-03 2.32757876e-06 1.66906623e-22 3.47824340e-25
 9.87898952e-03]
61	1	[2.06145385e-01 2.80345962e-01 1.72664093e-08 5.13508638e-01
 2.10536287e-13]	[3.08465670e-01 3.43242479e-01 5.05410732e-07 3.98034549e-01
 3.02127247e-12]
61	2	[8.32970209e-23 1.26116862e-47 8.40622544e-01 0.00000000e+00
 1.59377453e-01]	[2.62791103e-21 3.57039739e-46 3.39151172e-01 0.00000000e+00
 3.39151173e-01]
61	3	[1.19943123e-01 5.83155717e-02 4.01452499e-14 8.21741305e-01
 6.60265148e-19]	[2.66848669e-01 1.54184316e-01 1.01052207e-12 3.07141268e-01
 1.46957006e-17]
61	4	[0. 0. 0. 0. 1.]	[0. 0. 0. 0. 0.]
62	1	[1.56138155e-01 3.03400437e-01 3.59401456e-08 5.40461373e-01
 1.45097378e-14]	[2.70126316e-01 3.39878069e-01 7.91645722e-07 3.90341123e-01
 2.62739772e-13]
62	2	[2.96285766e-03 2.39283315e-10 9.79149838e-01 4.61278377e-29
 1.78873069e-02]	[4.95880095e-02 7.53889365e-09 1.35223312e-01 1.45795910e-27
 1.26190651e-01]
62	3	[1.36186462e-01 5.11403701e-02 2.86257208e-11 8.12673167e-01
 1.80599496e-12]	[2.76807279e-01 1.49262838e-01 8.96517024e-10 3.17356067e-01
 5.70565142e-11]
62	4	[0. 0. 0. 0. 1.]	[0. 0. 0. 0. 0.]
63	1	[1.36570384e-01 2.15900155e-01 4.08169209e-10 6.47529458e-01
 1.27906232e-16]	[2.59297487e-01 2.97687564e-01 8.14866074e-09 3.68005465e-01
 3.47581285e-15]
63	2	[2.72709738e-14 2.11246320e-32 8.99295358e-01 0.00000000e+00
 1.00704641e-01]	[8.57335047e-13 6.67684086e-31 2.54812856e-01 0.00000000e+00
 2.54812850e-01]
63	3	[1.29249156e-01 5.72232121e-02 4.26105836e-13 8.13527634e-01
 1.18219141e-19]	[2.68723452e-01 1.56557463e-01 1.23176825e-11 3.08621418e-01
 2.57224550e-18]
63	4	[0. 0. 0. 0. 1.]	[0. 0. 0. 0. 0.]
64	1	[2.31093697e-01 1.23213021e-01 6.94824696e-09 6.45693275e-01
 2.66497847e-15]	[3.51695780e-01 2.21595779e-01 2.07859382e-07 3.92906370e-01
 8.19035258e-14]
64	2	[5.26401105e-32 0.00000000e+00 9.58551891e-01 0.00000000e+00
 4.14481069e-02]	[9.65426506e-31 0.00000000e+00 1.94483014e-01 0.00000000e+00
 1.94483012e-01]
64	3	[1.42069100e-01 8.73920937e-02 3.54580910e-13 7.70538807e-01
 4.49021147e-16]	[2.85034781e-01 1.88673300e-01 7.50379847e-12 3.36147732e-01
 1.41304695e-14]
64	4	[0. 0. 0. 0. 1.]	[0. 0. 0. 0. 0.]
65	1	[8.89258866e-02 1.69091012e-01 1.67708203e-12 7.41983102e-01
 4.17973794e-16]	[2.04989894e-01 2.57520033e-01 2.81194244e-11 3.22753038e-01
 1.02257425e-14]
65	2	[1.25212772e-41 0.00000000e+00 7.22997931e-01 0.00000000e+00
 2.77002080e-01]	[3.55539047e-40 0.00000000e+00 3.83810580e-01 0.00000000e+00
 3.83810578e-01]
65	3	[5.17270859e-02 9.77738728e-02 4.95292620e-14 8.50499043e-01
 1.84688303e-21]	[1.56046494e-01 1.91705551e-01 1.23089035e-12 2.49570269e-01
 3.47205874e-20]
65	4	[0.0000000e+00 7.9358343e-40 0.0000000e+00 0.0000000e+00 1.0000000e+00]	[0.00000000e+00 1.58568306e-38 0.00000000e+00 0.00000000e+00
 0.00000000e+00]
66	1	[1.30033421e-01 1.69989655e-01 2.15582025e-08 6.99976903e-01
 1.08307178e-12]	[2.67412437e-01 2.66351313e-01 6.80934649e-07 3.58084852e-01
 3.42131738e-11]
66	2	[1.16360543e-20 6.25259375e-45 9.70559718e-01 0.00000000e+00
 2.94402825e-02]	[3.54445171e-19 1.40883725e-43 1.61802898e-01 0.00000000e+00
 1.61802898e-01]
66	3	[1.03837889e-01 8.42512284e-02 2.46171139e-13 8.11910883e-01
 2.57849467e-19]	[2.50119482e-01 1.88652044e-01 6.45269755e-12 3.11205895e-01
 3.62736603e-18]
66	4	[0. 0. 0. 0. 1.]	[0. 0. 0. 0. 0.]
67	1	[1.08588490e-01 2.84904534e-01 3.98255846e-09 6.06506973e-01
 2.71776728e-14]	[2.20232052e-01 3.35743988e-01 1.24376123e-07 3.74658743e-01
 8.25353590e-13]
67	2	[1.04356630e-01 5.62355018e-07 8.50264229e-01 6.98558072e-24
 4.53785708e-02]	[2.67287221e-01 6.59839209e-06 3.22671825e-01 2.14559562e-22
 1.93864131e-01]
67	3	[8.83853639e-02 6.36798430e-02 7.16172757e-11 8.47934792e-01
 4.86546217e-19]	[2.26158523e-01 1.63533134e-01 2.25232793e-09 2.84978355e-01
 1.46147031e-17]
67	4	[0. 0. 0. 0. 1.]	[0. 0. 0. 0. 0.]
68	1	[1.13518203e-01 2.11337104e-01 3.36502562e-09 6.75144690e-01
 7.39048209e-15]	[2.24417523e-01 2.96375723e-01 9.51133413e-08 3.57367531e-01
 2.29709177e-13]
68	2	[3.47231736e-19 6.54756707e-44 9.67515877e-01 0.00000000e+00
 3.24841264e-02]	[1.09576228e-17 2.05430970e-42 1.69149984e-01 0.00000000e+00
 1.69149985e-01]
68	3	[1.21483718e-01 8.72738034e-02 2.99774887e-13 7.91242480e-01
 5.27177940e-14]	[2.69633899e-01 1.88606702e-01 5.51359389e-12 3.22860691e-01
 1.38334063e-12]
68	4	[0. 0. 0. 0. 1.]	[0. 0. 0. 0. 0.]
69	1	[8.38944051e-02 1.64777698e-01 3.40546251e-13 7.51327897e-01
 1.11573499e-16]	[2.08473091e-01 2.58385437e-01 7.70073180e-12 3.26321653e-01
 3.37269272e-15]
69	2	[2.90661708e-23 4.23339273e-43 9.45821026e-01 0.00000000e+00
 5.41789763e-02]	[9.18655903e-22 1.33804680e-41 2.21320078e-01 0.00000000e+00
 2.21320080e-01]
69	3	[1.32401824e-01 9.36240642e-02 2.04475715e-11 7.73974110e-01
 3.46425825e-13]	[2.77278648e-01 1.98203809e-01 6.43249536e-10 3.31975958e-01
 1.08011691e-11]
69	4	[0. 0. 0. 0. 1.]	[0. 0. 0. 0. 0.]
70	1	[1.17313471e-01 2.08561519e-01 2.05791467e-08 6.74124987e-01
 1.46848199e-15]	[2.38392505e-01 3.03493702e-01 6.32985619e-07 3.66735041e-01
 4.59919064e-14]
70	2	[8.39097184e-16 3.34589223e-40 9.76138017e-01 0.00000000e+00
 2.38619760e-02]	[2.65213122e-14 1.05753486e-38 1.47224996e-01 0.00000000e+00
 1.47224998e-01]
70	3	[1.69560297e-01 7.98912135e-02 3.63555821e-13 7.50548489e-01
 2.51852548e-16]	[3.01151518e-01 1.75007221e-01 6.57279696e-12 3.38276897e-01
 7.47493656e-15]
70	4	[0. 0. 0. 0. 1.]	[0. 0. 0. 0. 0.]
71	1	[4.19428429e-02 3.15389182e-01 8.51903820e-14 6.42667973e-01
 5.88492685e-19]	[1.32526735e-01 3.42905120e-01 1.24973613e-12 3.59380021e-01
 1.53086716e-17]
71	2	[3.06999536e-09 2.91191946e-23 9.38411785e-01 0.00000000e+00
 6.15881986e-02]	[9.51118712e-08 9.13118039e-22 2.13978919e-01 0.00000000e+00
 2.13978928e-01]
71	3	[2.80763397e-01 1.07527091e-01 8.42063937e-08 6.11709428e-01
 9.23381342e-12]	[3.87172246e-01 2.07443109e-01 1.92613624e-06 4.07509350e-01
 2.25706519e-10]
71	4	[1.63750133e-42 1.68765738e-32 0.00000000e+00 0.00000000e+00
 1.00000000e+00]	[4.50516107e-41 4.90373700e-31 0.00000000e+00 0.00000000e+00
 0.00000000e+00]
72	1	[1.71139120e-01 2.47729570e-01 3.85512162e-05 5.81092759e-01
 2.37990574e-14]	[2.88841850e-01 3.26578723e-01 1.21801337e-03 3.93433401e-01
 6.67243098e-13]
72	2	[1.01151462e-12 4.50901098e-29 8.29731535e-01 0.00000000e+00
 1.70268469e-01]	[2.67235847e-11 1.06667095e-27 3.66776567e-01 0.00000000e+00
 3.66776568e-01]
72	3	[2.09201231e-01 7.87572446e-02 3.41111806e-12 7.12041525e-01
 3.31015602e-13]	[3.46816612e-01 1.78377991e-01 9.71054661e-11 3.78917574e-01
 7.39437623e-12]
72	4	[0. 0. 0. 0. 1.]	[0. 0. 0. 0. 0.]
73	1	[1.28398420e-01 4.09614442e-01 1.47787211e-06 4.61985660e-01
 8.88000570e-11]	[2.36331735e-01 3.64981960e-01 4.58296301e-05 3.80964060e-01
 2.53661915e-09]
73	2	[1.05894682e-01 2.04728001e-06 8.60581936e-01 1.79433934e-19
 3.35213356e-02]	[2.72996247e-01 2.43929878e-05 3.09711706e-01 3.29769621e-18
 1.57691321e-01]
73	3	[7.48000799e-02 8.71470375e-02 5.89626549e-15 8.38052881e-01
 7.26732936e-19]	[2.06150088e-01 1.91511995e-01 1.78620862e-13 2.81978089e-01
 1.98583922e-17]
73	4	[0. 0. 0. 0. 1.]	[0. 0. 0. 0. 0.]
74	1	[1.49650068e-01 1.28018451e-01 1.83609634e-08 7.22331464e-01
 3.76196816e-15]	[2.78747837e-01 2.32997031e-01 4.19608405e-07 3.42734912e-01
 1.12607168e-13]
74	2	[8.91431130e-04 6.51528051e-10 9.81075024e-01 2.84393446e-37
 1.80335494e-02]	[2.68246384e-02 2.05926372e-08 1.24126974e-01 8.21373332e-36
 1.20254928e-01]
74	3	[1.83679194e-01 6.50203219e-02 3.31935433e-10 7.51300483e-01
 1.19861508e-15]	[3.22999619e-01 1.62097529e-01 7.41626349e-09 3.54391655e-01
 3.73458024e-14]
74	4	[0. 0. 0. 0. 1.]	[0. 0. 0. 0. 0.]
75	1	[1.13964956e-01 1.72168777e-01 2.39516785e-11 7.13866266e-01
 4.98694419e-13]	[2.40818654e-01 2.63923052e-01 6.97145828e-10 3.41567144e-01
 1.57569012e-11]
75	2	[4.88487170e-12 3.81700662e-26 7.73818322e-01 0.00000000e+00
 2.26181661e-01]	[1.47481906e-10 8.70734586e-25 3.76427732e-01 0.00000000e+00
 3.76427727e-01]
75	3	[1.74816084e-01 1.54997536e-01 7.02401227e-13 6.70186378e-01
 1.67881450e-21]	[3.24130923e-01 2.46449059e-01 1.54032521e-11 3.84170510e-01
 5.30056295e-20]
75	4	[0. 0. 0. 0. 1.]	[0. 0. 0. 0. 0.]
76	1	[1.21892281e-01 3.47163443e-01 3.07932883e-11 5.30944275e-01
 1.56968468e-15]	[2.41679233e-01 3.80652131e-01 3.74209799e-10 4.07779763e-01
 3.53435381e-14]
76	2	[1.00346983e-43 0.00000000e+00 5.79703389e-01 0.00000000e+00
 4.20296601e-01]	[2.72043311e-42 0.00000000e+00 4.90881647e-01 0.00000000e+00
 4.90881628e-01]
76	3	[1.43686418e-01 9.02940778e-02 1.82864943e-10 7.66019504e-01
 2.28377823e-17]	[2.85921305e-01 1.93950870e-01 5.73393205e-09 3.37533799e-01
 7.07263634e-16]
76	4	[0.00000000e+00 7.11023045e-43 0.00000000e+00 0.00000000e+00
 1.00000000e+00]	[0.00000000e+00 2.24732778e-41 0.00000000e+00 0.00000000e+00
 0.00000000e+00]
77	1	[8.19417778e-02 1.67398463e-01 8.15016730e-13 7.50659758e-01
 3.48978546e-19]	[2.22751194e-01 2.57121276e-01 2.34609773e-11 3.31990958e-01
 8.75919479e-18]
77	2	[1.04327388e-03 1.18723072e-12 9.66741444e-01 8.92959230e-43
 3.22152671e-02]	[3.15179303e-02 3.52577008e-11 1.64598440e-01 1.97838644e-41
 1.61753566e-01]
77	3	[1.96628338e-01 7.62696707e-02 6.72150319e-11 7.27101990e-01
 2.39755234e-10]	[3.28878098e-01 1.68717329e-01 1.84938320e-09 3.62343202e-01
 7.57769128e-09]
77	4	[0. 0. 0. 0. 1.]	[0. 0. 0. 0. 0.]
78	1	[3.79992303e-02 2.79054158e-01 2.07710837e-13 6.82946612e-01
 1.15900610e-18]	[1.29066216e-01 3.15223709e-01 5.43307204e-12 3.34618936e-01
 2.76321629e-17]
78	2	[2.14281583e-01 1.11950418e-05 7.85675341e-01 7.51971695e-15
 3.18720452e-05]	[3.60842018e-01 1.03312853e-04 3.60900628e-01 2.01011153e-13
 7.05715849e-04]
78	3	[1.12358614e-01 2.61778131e-02 6.36462521e-14 8.61463573e-01
 1.61148179e-20]	[2.51779988e-01 9.84124846e-02 1.93579986e-12 2.71381757e-01
 4.78527700e-19]
78	4	[0. 0. 0. 0. 1.]	[0. 0. 0. 0. 0.]
79	1	[5.99392980e-02 2.94042351e-01 2.14608274e-08 6.46018332e-01
 1.17570262e-18]	[1.64096680e-01 3.27592012e-01 6.73643800e-07 3.51795624e-01
 3.56829157e-17]
79	2	[1.08599762e-13 1.16330506e-32 8.64413222e-01 0.00000000e+00
 1.35586779e-01]	[3.42620025e-12 3.53229619e-31 3.18622109e-01 0.00000000e+00
 3.18622107e-01]
79	3	[1.50352415e-01 6.96905266e-02 2.02529678e-11 7.79957059e-01
 9.96331032e-16]	[2.91912736e-01 1.77665180e-01 5.43339265e-10 3.37756946e-01
 3.11495352e-14]
79	4	[0. 0. 0. 0. 1.]	[0. 0. 0. 0. 0.]
80	1	[9.19260062e-02 1.83904634e-01 3.94259390e-12 7.24169360e-01
 3.40221595e-15]	[2.20497143e-01 2.71300684e-01 5.51481821e-11 3.38379664e-01
 1.06687762e-13]
80	2	[7.11477715e-35 0.00000000e+00 6.46638809e-01 0.00000000e+00
 3.53361191e-01]	[1.26685583e-33 0.00000000e+00 4.72913458e-01 0.00000000e+00
 4.72913455e-01]
80	3	[1.58529450e-01 9.11977585e-02 1.24948062e-13 7.50272790e-01
 1.09021293e-16]	[3.14167874e-01 1.95288740e-01 2.37776933e-12 3.57119746e-01
 3.43905152e-15]
80	4	[0. 0. 0. 0. 1.]	[0. 0. 0. 0. 0.]
81	1	[1.17736526e-01 1.49002666e-01 3.76069447e-09 7.33260806e-01
 5.45016360e-17]	[2.41799492e-01 2.54195131e-01 1.16302514e-07 3.38418418e-01
 1.59354862e-15]
81	2	[2.04238409e-02 2.26182419e-07 9.47708890e-01 6.63755233e-25
 3.18670437e-02]	[1.23973115e-01 5.58439988e-06 2.03322530e-01 1.80614433e-23
 1.58446636e-01]
81	3	[1.41937260e-01 7.66717159e-02 8.25708034e-13 7.81391025e-01
 2.23662040e-17]	[2.81291602e-01 1.76116842e-01 1.92913589e-11 3.26570019e-01
 5.59600689e-16]
81	4	[0. 0. 0. 0. 1.]	[0. 0. 0. 0. 0.]
82	1	[9.27043851e-02 1.38915200e-01 5.87866983e-14 7.68380415e-01
 2.83264393e-22]	[2.29112831e-01 2.33916086e-01 1.24054457e-12 3.20117432e-01
 7.68804889e-21]
82	2	[4.66899833e-15 4.89048601e-32 9.67938205e-01 0.00000000e+00
 3.20617945e-02]	[1.47531662e-13 1.54573399e-30 1.66649684e-01 0.00000000e+00
 1.66649681e-01]
82	3	[9.35014650e-02 9.92031679e-02 1.13188540e-13 8.07295365e-01
 8.07088170e-21]	[2.34281407e-01 2.02774810e-01 3.27117635e-12 3.07634776e-01
 1.77279612e-19]
82	4	[0. 0. 0. 0. 1.]	[0. 0. 0. 0. 0.]
83	1	[1.97839272e-01 2.63593168e-01 5.41968441e-07 5.38567020e-01
 4.99778803e-12]	[2.98601501e-01 3.27606286e-01 1.39354903e-05 3.85703580e-01
 1.43345780e-10]
83	2	[3.05183429e-03 1.82518920e-07 9.58034869e-01 2.71974101e-21
 3.89131183e-02]	[5.44924807e-02 4.20217650e-06 1.86652504e-01 8.58433206e-20
 1.78996129e-01]
83	3	[5.62535639e-02 8.86249341e-02 9.84075797e-17 8.55121500e-01
 7.97466895e-23]	[1.72676722e-01 1.94299388e-01 1.76830060e-15 2.65492542e-01
 1.65563539e-21]
83	4	[0. 0. 0. 0. 1.]	[0. 0. 0. 0. 0.]
84	1	[1.33414856e-01 1.94588887e-01 1.85167287e-08 6.71996237e-01
 1.40774418e-14]	[2.57855239e-01 2.93209435e-01 5.67821509e-07 3.72051033e-01
 2.97375663e-13]
84	2	[5.11136499e-01 1.59095963e-03 4.86268439e-01 1.52820166e-09
 1.00411025e-03]	[4.27785161e-01 1.34386780e-02 4.29327934e-01 3.40833238e-08
 3.16059855e-02]
84	3	[1.01786050e-01 9.36659904e-02 5.70286614e-12 8.04547960e-01
 3.12973771e-14]	[2.35270087e-01 1.96208603e-01 1.61973483e-10 3.02941774e-01
 9.89197118e-13]
84	4	[0.00000000e+00 5.22876473e-40 0.00000000e+00 0.00000000e+00
 1.00000000e+00]	[0.00000000e+00 1.65265364e-38 0.00000000e+00 0.00000000e+00
 0.00000000e+00]
85	1	[7.44802588e-02 2.29938109e-01 9.55556508e-12 6.95581632e-01
 1.22492217e-18]	[1.93179272e-01 2.89816922e-01 1.74691626e-10 3.33490828e-01
 2.45419439e-17]
85	2	[3.35431879e-01 3.78645612e-07 5.35773111e-01 3.09358328e-19
 1.28794630e-01]	[4.33604047e-01 7.33877955e-06 4.58287995e-01 7.27026006e-18
 3.07827563e-01]
85	3	[2.19406343e-01 6.45834359e-02 2.07145266e-11 7.16010222e-01
 2.63517155e-13]	[3.44197377e-01 1.72099858e-01 6.26769422e-10 3.77519792e-01
 8.32896853e-12]
85	4	[0. 0. 0. 0. 1.]	[0. 0. 0. 0. 0.]
86	1	[1.00512536e-01 2.28800518e-01 5.28127151e-10 6.70686947e-01
 1.00349435e-13]	[2.20121294e-01 3.08778337e-01 1.57042938e-08 3.58800930e-01
 3.17165537e-12]
86	2	[3.10559302e-27 0.00000000e+00 6.50478592e-01 0.00000000e+00
 3.49521420e-01]	[9.81583556e-26 0.00000000e+00 4.09890958e-01 0.00000000e+00
 4.09890958e-01]
86	3	[1.74048591e-01 8.40399541e-02 8.11228621e-11 7.41911454e-01
 6.83732875e-15]	[3.14415517e-01 1.89181322e-01 2.53929031e-09 3.57390662e-01
 2.13693377e-13]
86	4	[0. 0. 0. 0. 1.]	[0. 0. 0. 0. 0.]
87	1	[5.37376801e-02 1.36384732e-01 1.09813870e-10 8.09877589e-01
 1.00634819e-19]	[1.59044315e-01 2.30609271e-01 3.46786143e-09 2.86133688e-01
 2.25445097e-18]
87	2	[1.03849146e-09 9.13405854e-22 8.76997613e-01 0.00000000e+00
 1.23002385e-01]	[1.95286891e-08 2.87172894e-20 3.06551547e-01 0.00000000e+00
 3.06551548e-01]
87	3	[8.79972543e-02 6.80235346e-02 1.14078721e-12 8.43979211e-01
 3.39758111e-18]	[2.23883015e-01 1.72974765e-01 3.48463331e-11 2.85201143e-01
 7.97814742e-17]
87	4	[0.00000000e+00 1.11732614e-38 0.00000000e+00 0.00000000e+00
 1.00000000e+00]	[0.0000000e+00 3.2769298e-37 0.0000000e+00 0.0000000e+00 0.0000000e+00]
88	1	[2.47242196e-01 4.29820208e-01 1.59134427e-07 3.22937436e-01
 1.74420884e-10]	[3.18068535e-01 3.73565143e-01 2.05498141e-06 3.73177763e-01
 4.89616710e-09]
88	2	[4.88599159e-19 2.31737744e-40 9.81482855e-01 0.00000000e+00
 1.85171457e-02]	[1.44539785e-17 6.96817386e-39 1.25643017e-01 0.00000000e+00
 1.25643017e-01]
88	3	[1.82921588e-01 7.87376044e-02 4.42263053e-08 7.38340763e-01
 1.37856659e-14]	[3.10052115e-01 1.89370746e-01 1.06829314e-06 3.56578817e-01
 3.99612483e-13]
88	4	[0. 0. 0. 0. 1.]	[0. 0. 0. 0. 0.]
89	1	[1.22516725e-01 1.44145038e-01 8.83439614e-07 7.33337357e-01
 2.09890444e-15]	[2.52188499e-01 2.49786140e-01 2.78916539e-05 3.42205848e-01
 3.94016453e-14]
89	2	[7.55955384e-25 4.24593435e-46 8.90306419e-01 0.00000000e+00
 1.09693583e-01]	[2.38934525e-23 1.34201082e-44 3.06766933e-01 0.00000000e+00
 3.06766932e-01]
89	3	[1.59155815e-01 8.33034847e-02 1.49018855e-11 7.57540699e-01
 6.72602507e-19]	[2.98288800e-01 1.83514014e-01 4.69783266e-10 3.45815464e-01
 1.28194662e-17]
89	4	[0. 0. 0. 0. 1.]	[0. 0. 0. 0. 0.]
90	1	[7.70244266e-02 1.73171263e-01 3.81329911e-13 7.49804311e-01
 5.77133241e-16]	[1.99524845e-01 2.75790398e-01 8.51989487e-12 3.34759838e-01
 1.78313047e-14]
90	2	[4.62708753e-45 0.00000000e+00 5.96214768e-01 0.00000000e+00
 4.03785255e-01]	[1.45496427e-43 0.00000000e+00 4.87091202e-01 0.00000000e+00
 4.87091211e-01]
90	3	[1.58552947e-01 7.34565894e-02 3.90906679e-07 7.67990071e-01
 7.15589625e-16]	[2.98135479e-01 1.78732320e-01 1.23501482e-05 3.42041803e-01
 1.50424357e-14]
90	4	[0.00000000e+00 4.46341587e-44 0.00000000e+00 0.00000000e+00
 1.00000000e+00]	[0.00000000e+00 1.41075012e-42 0.00000000e+00 0.00000000e+00
 0.00000000e+00]
91	1	[1.64064888e-01 2.84478272e-01 2.65901165e-08 5.51456813e-01
 9.32886931e-13]	[2.70199543e-01 3.31829929e-01 6.86899870e-07 3.81408559e-01
 2.81818646e-11]
91	2	[1.57200101e-23 1.40129846e-46 9.24320249e-01 0.00000000e+00
 7.56797646e-02]	[4.96790756e-22 3.18066971e-45 2.43869461e-01 0.00000000e+00
 2.43869457e-01]
91	3	[1.40109041e-01 6.67918710e-02 2.20672365e-11 7.93099088e-01
 2.03419964e-16]	[2.84697425e-01 1.69141494e-01 5.74853291e-10 3.31477813e-01
 6.34775794e-15]
91	4	[0. 0. 0. 0. 1.]	[0. 0. 0. 0. 0.]
92	1	[1.55685257e-01 1.31215534e-01 3.98185492e-09 7.13099203e-01
 2.59725865e-15]	[2.86362320e-01 2.40174856e-01 1.15308360e-07 3.56444527e-01
 6.71692818e-14]
92	2	[2.81437369e-16 3.76838450e-36 9.78262963e-01 0.00000000e+00
 2.17370604e-02]	[6.40863105e-15 1.18644070e-34 1.42671501e-01 0.00000000e+00
 1.42671496e-01]
92	3	[1.23993993e-01 8.21739571e-02 5.10973725e-13 7.93832053e-01
 3.78804150e-23]	[2.73471789e-01 1.86212404e-01 1.59980189e-11 3.30052419e-01
 5.61699561e-22]
92	4	[0. 0. 0. 0. 1.]	[0. 0. 0. 0. 0.]
93	1	[1.29017203e-01 4.04454670e-01 8.12825248e-10 4.66528127e-01
 7.01741594e-12]	[2.37225344e-01 3.86404019e-01 1.68875771e-08 4.04130313e-01
 2.07999004e-10]
93	2	[1.90473206e-01 6.90174617e-05 8.05485006e-01 2.15244486e-13
 3.97277321e-03]	[3.62619511e-01 1.28575599e-03 3.66205802e-01 5.35554874e-12
 5.48485326e-02]
93	3	[1.37370992e-01 5.84313730e-02 4.65275885e-12 8.04197632e-01
 1.46420343e-16]	[2.87870419e-01 1.51099033e-01 1.45365562e-10 3.22749178e-01
 4.62629034e-15]
93	4	[0. 0. 0. 0. 1.]	[0. 0. 0. 0. 0.]
94	1	[1.32547952e-01 2.46684529e-01 2.46533209e-09 6.20767516e-01
 4.88513430e-13]	[2.53024813e-01 3.16347520e-01 6.80968556e-08 3.73838360e-01
 1.50711515e-11]
94	2	[9.94515135e-02 8.72843599e-06 8.94455850e-01 7.17684461e-18
 6.08390954e-03]	[2.69374408e-01 1.54663032e-04 2.77500160e-01 2.26375057e-16
 6.35167100e-02]
94	3	[1.06138622e-01 6.22243332e-02 2.39104929e-14 8.31637044e-01
 4.29405553e-22]	[2.60898413e-01 1.52613100e-01 6.31366698e-13 3.01549964e-01
 7.55654431e-21]
94	4	[0. 0. 0. 0. 1.]	[0. 0. 0. 0. 0.]
95	1	[9.36051908e-02 1.93979536e-01 5.12594930e-12 7.12415274e-01
 1.37051490e-16]	[2.17148724e-01 2.83566105e-01 8.56695688e-11 3.45533187e-01
 2.70437852e-15]
95	2	[2.28302549e-02 1.57311574e-07 8.87245840e-01 7.58164303e-22
 8.99237594e-02]	[1.38752589e-01 4.89507554e-06 2.98397166e-01 2.39632151e-20
 2.66713298e-01]
95	3	[1.28062537e-01 2.99672911e-02 1.45297600e-11 8.41970169e-01
 9.37458809e-14]	[2.82399025e-01 1.01484691e-01 4.57918329e-10 2.99175135e-01
 2.13879145e-12]
95	4	[0. 0. 0. 0. 1.]	[0. 0. 0. 0. 0.]
96	1	[1.32327636e-01 1.88127832e-01 8.64239199e-10 6.79544532e-01
 3.08423287e-15]	[2.50966622e-01 2.81282002e-01 1.95895633e-08 3.59217915e-01
 6.43549393e-14]
96	2	[4.15358230e-01 1.92917021e-04 5.84448828e-01 6.94190362e-09
 9.33161020e-09]	[4.31914889e-01 2.43909404e-03 4.32125892e-01 2.16753675e-07
 1.37168689e-07]
96	3	[1.62956423e-01 1.02875765e-01 1.01613952e-12 7.34167811e-01
 3.03500441e-13]	[3.01322241e-01 1.97670500e-01 2.07287811e-11 3.48800617e-01
 6.82205139e-12]
96	4	[0. 0. 0. 0. 1.]	[0. 0. 0. 0. 0.]
97	1	[1.06322282e-01 1.68265263e-01 4.61291519e-10 7.25412456e-01
 5.39289161e-19]	[2.44630262e-01 2.57911034e-01 1.44736836e-08 3.47231414e-01
 1.57166558e-17]
97	2	[2.47948375e-32 0.00000000e+00 9.33751208e-01 0.00000000e+00
 6.62488116e-02]	[5.99666912e-31 0.00000000e+00 2.46426184e-01 0.00000000e+00
 2.46426181e-01]
97	3	[1.66687951e-01 5.24159166e-02 9.56396991e-14 7.80896134e-01
 3.59263569e-16]	[3.07291131e-01 1.48964530e-01 1.40093027e-12 3.39017255e-01
 9.93302264e-15]
97	4	[0. 0. 0. 0. 1.]	[0. 0. 0. 0. 0.]
98	1	[1.37903825e-01 1.93248333e-01 5.03051984e-10 6.68847844e-01
 1.00993484e-17]	[2.71166077e-01 2.76831461e-01 1.21933141e-08 3.65500457e-01
 2.70053245e-16]
98	2	[5.69654817e-39 0.00000000e+00 6.78407018e-01 0.00000000e+00
 3.21592981e-01]	[1.69930051e-37 0.00000000e+00 4.61866333e-01 0.00000000e+00
 4.61866332e-01]
98	3	[1.71924321e-01 7.32833550e-02 1.19169830e-08 7.54792312e-01
 3.01651778e-18]	[3.23586600e-01 1.68641944e-01 3.72138807e-07 3.58062647e-01
 7.70820361e-17]
98	4	[0. 0. 0. 0. 1.]	[0. 0. 0. 0. 0.]
99	1	[1.74734468e-01 1.33616749e-01 1.60189509e-08 6.91648766e-01
 1.05610139e-16]	[3.08025989e-01 2.34728228e-01 4.70915395e-07 3.70942268e-01
 1.97067174e-15]
99	2	[1.76471348e-24 1.40129846e-48 7.24686118e-01 0.00000000e+00
 2.75313891e-01]	[5.57732827e-23 4.42907863e-47 4.41686104e-01 0.00000000e+00
 4.41686105e-01]
99	3	[1.46672849e-01 8.36059940e-02 2.50896005e-11 7.69721156e-01
 1.00912009e-18]	[2.88511909e-01 1.88788076e-01 7.77281228e-10 3.36541777e-01
 1.98514270e-17]
99	4	[0.00000000e+00 7.68752338e-45 0.00000000e+00 0.00000000e+00
 1.00000000e+00]	[0.00000000e+00 2.42979253e-43 0.00000000e+00 0.00000000e+00
 0.00000000e+00]
