Seed	Class	Mean	Std
0	1	[1.58815453e-01 8.41184539e-01 9.80902232e-10 4.64207175e-12
 4.58377653e-13]	[2.49666933e-01 2.49666924e-01 8.46829739e-09 1.53930207e-11
 9.02935669e-13]
0	2	[9.94331367e-01 3.63767569e-13 5.66848469e-03 1.52519625e-07
 1.58149462e-12]	[2.71177740e-03 4.22901074e-12 2.71173998e-03 6.29561480e-08
 7.58145311e-13]
0	3	[9.99973354e-01 2.65625185e-05 9.04080839e-08 6.49076467e-09
 1.25317495e-11]	[2.21250160e-05 2.21262978e-05 7.71954968e-08 2.79248239e-09
 1.50708934e-11]
0	4	[9.99941763e-01 5.76716291e-05 5.61495920e-07 7.93469804e-11
 7.47151369e-10]	[1.92889313e-05 1.93339243e-05 2.00791426e-07 5.19894644e-11
 3.09744678e-10]
1	1	[2.75673980e-02 9.72432622e-01 5.12627709e-12 3.28932963e-14
 2.23308278e-15]	[1.19591336e-01 1.19591338e-01 9.48222746e-11 3.60499915e-13
 1.50457886e-14]
1	2	[2.92778862e-01 1.16866191e-09 7.07221176e-01 2.31670627e-09
 2.38397364e-10]	[1.94506690e-01 1.81375628e-08 1.94506703e-01 2.48429847e-09
 1.64546330e-09]
1	3	[9.99989322e-01 2.40709303e-15 9.66384202e-10 1.06794942e-05
 1.05870839e-17]	[4.51531401e-06 4.29160223e-14 1.00169878e-09 4.51803869e-06
 3.43634520e-17]
2	1	[1.00774276e-01 8.99225458e-01 2.80753216e-07 2.36524936e-12
 2.76440795e-13]	[2.11026379e-01 2.11027580e-01 6.54061085e-06 1.06179884e-11
 1.00426652e-12]
2	2	[1.48092763e-01 3.87092983e-07 8.51906835e-01 2.58354755e-08
 4.91257240e-09]	[2.37924227e-01 1.22325000e-05 2.37925718e-01 8.13078074e-07
 8.61310544e-08]
2	3	[9.99979753e-01 9.29084223e-16 4.55221869e-10 2.02474920e-05
 4.24788539e-18]	[8.42791217e-06 1.81846133e-14 3.86538489e-10 8.42841789e-06
 9.23234626e-18]
2	4	[9.99497192e-01 5.02573411e-04 2.37098506e-07 5.74042306e-11
 2.40378911e-11]	[5.37903359e-04 5.37939826e-04 5.27004621e-07 4.46630796e-11
 9.51116156e-11]
3	1	[9.64493462e-01 3.55065369e-02 2.85185135e-08 4.15794385e-11
 5.94079897e-13]	[1.15903743e-01 1.15903749e-01 1.00184316e-07 9.76075161e-11
 4.37954172e-13]
3	2	[6.96637042e-02 1.93180472e-05 9.30316972e-01 5.63535201e-09
 3.56258843e-11]	[1.74118695e-01 6.07175191e-04 1.74220835e-01 5.25556879e-08
 7.36561478e-10]
3	4	[9.99918803e-01 8.09202467e-05 2.08892297e-07 7.04381993e-10
 4.73787157e-12]	[1.73094511e-03 1.73095584e-03 5.60261265e-08 1.38773097e-09
 1.12556150e-11]
4	1	[1.45748708e-01 8.54251298e-01 1.55418420e-09 2.10975772e-11
 8.61102582e-13]	[2.76828647e-01 2.76828653e-01 8.65057283e-09 1.12961512e-10
 1.97072557e-12]
4	2	[9.99981898e-01 3.43522719e-07 1.77700564e-05 2.02202636e-09
 2.77035109e-11]	[1.08279949e-05 4.57609662e-06 1.03307926e-05 1.42820575e-09
 1.69600155e-11]
4	3	[9.98860186e-01 2.01780998e-12 1.13958535e-03 2.26926634e-07
 7.93262267e-13]	[8.50020353e-04 2.14025727e-11 8.49969667e-04 8.61204042e-08
 3.42045104e-13]
4	4	[9.76262047e-01 1.76516574e-11 2.37378632e-02 3.49550091e-12
 5.88194506e-08]	[3.22569802e-02 3.00062717e-10 3.22569826e-02 1.01540920e-11
 7.01324979e-08]
5	1	[9.38509984e-02 9.06148994e-01 1.25279163e-09 4.26856166e-12
 3.02357186e-13]	[2.03523655e-01 2.03523650e-01 1.67604520e-08 2.13167422e-11
 1.26052807e-12]
5	2	[3.80667224e-01 3.51250453e-09 6.19332708e-01 6.80813438e-08
 1.33507194e-11]	[2.15162909e-01 9.01904783e-08 2.15162959e-01 2.09141665e-07
 2.66870242e-11]
5	3	[7.11666621e-01 1.21092017e-09 5.52918297e-12 2.88333369e-01
 4.43020152e-17]	[1.83920315e-01 2.47043391e-08 6.88130125e-11 1.83920311e-01
 9.32000277e-16]
5	4	[9.97692951e-01 4.50506767e-08 1.76417121e-06 2.30527980e-03
 1.32185549e-13]	[4.29360851e-02 8.41324059e-07 3.43055104e-05 4.29361673e-02
 1.88383951e-12]
6	1	[1.54558534e-01 8.45441494e-01 9.61835838e-10 2.68266889e-12
 1.25529009e-13]	[2.54895508e-01 2.54895524e-01 1.29782583e-08 1.33106729e-11
 4.17781532e-13]
6	2	[6.79443163e-02 7.73013589e-21 9.32055386e-01 1.65247506e-16
 3.26922876e-07]	[8.19793531e-02 2.15031920e-19 8.19826623e-02 1.91740026e-15
 4.51321214e-06]
6	3	[9.90669226e-01 1.08884852e-09 3.62061888e-11 9.33079777e-03
 6.88203937e-17]	[5.33671650e-02 1.98784092e-08 5.74100346e-10 5.33671632e-02
 1.51446063e-15]
6	4	[9.99386735e-01 3.40698134e-11 3.60524014e-15 1.05212601e-22
 6.13282428e-04]	[9.61825237e-03 6.52569159e-10 9.52665431e-14 2.36780396e-21
 9.61825332e-03]
7	1	[1.60321606e-01 8.39678418e-01 7.96257886e-10 5.88112905e-12
 2.39423498e-13]	[2.70201484e-01 2.70201491e-01 8.49327742e-09 2.25866512e-11
 5.55296613e-13]
7	2	[9.99204460e-01 7.55613594e-14 7.95549847e-04 2.98015257e-09
 2.84765346e-13]	[4.26880499e-04 6.13939488e-13 4.26894631e-04 1.06520028e-09
 8.62457675e-14]
7	3	[9.97156396e-01 2.80943066e-09 2.13050132e-11 2.84359263e-03
 5.82059536e-17]	[3.61527120e-02 8.60021934e-08 6.62128057e-11 3.61527118e-02
 9.64158955e-16]
7	4	[9.99947195e-01 3.30499634e-05 1.97541611e-05 5.38033360e-09
 2.51441493e-09]	[8.22825176e-06 5.49218573e-06 4.97729349e-06 1.55822438e-09
 1.00502458e-09]
8	1	[2.18279199e-01 7.81720808e-01 1.69283685e-10 2.11326188e-12
 1.60877351e-13]	[2.52712467e-01 2.52712462e-01 8.62407405e-10 8.48672061e-12
 4.16985605e-13]
8	2	[4.81224041e-01 3.02373679e-07 5.18775657e-01 1.26481318e-09
 2.55407725e-09]	[2.46707571e-01 3.94378752e-06 2.46708207e-01 1.27781809e-09
 2.25675175e-09]
8	4	[9.99912920e-01 8.64664477e-05 6.19844682e-07 5.24100619e-10
 6.37476441e-11]	[1.29050490e-04 1.29067636e-04 3.08626582e-07 2.97875221e-10
 7.36923461e-11]
9	1	[2.15339651e-01 7.84660342e-01 2.24479146e-09 1.16132799e-11
 2.59443068e-12]	[3.11328617e-01 3.11328613e-01 2.05772393e-08 3.64991949e-11
 3.86029611e-11]
9	2	[7.49219583e-03 8.23478725e-12 9.92507814e-01 6.55639479e-11
 7.37749763e-13]	[6.87136092e-02 1.58898737e-10 6.87136084e-02 7.33501311e-10
 6.81166780e-12]
9	3	[9.99998815e-01 4.28304857e-12 4.89052828e-09 1.18551716e-06
 6.73614935e-16]	[5.90718188e-07 5.57065468e-11 3.76408171e-09 5.89270121e-07
 9.93853202e-16]
9	4	[9.96916667e-01 2.30731917e-14 9.04222506e-20 3.56076226e-27
 3.08333445e-03]	[2.30481716e-02 5.00170359e-13 1.67984975e-18 1.04932275e-25
 2.30481740e-02]
10	1	[1.77222023e-01 8.22777968e-01 8.48718741e-09 1.22299285e-11
 2.19207081e-13]	[3.19945282e-01 3.19945299e-01 7.70269192e-08 8.01238548e-11
 5.98265388e-13]
10	2	[9.95725732e-01 7.70195793e-04 3.50414360e-03 4.73476110e-11
 1.74494420e-12]	[5.54977131e-02 1.14240719e-02 5.43588397e-02 6.33049439e-11
 1.84326588e-12]
10	3	[9.99996526e-01 5.70772042e-14 2.30320481e-09 3.47451968e-06
 9.75213941e-17]	[1.49421454e-06 8.15087839e-13 2.23830430e-09 1.49513770e-06
 2.83737073e-16]
10	4	[9.99955173e-01 4.37351279e-05 1.08651969e-06 4.30077388e-10
 5.92527066e-10]	[1.35266044e-05 1.34394641e-05 5.00363337e-07 2.67773595e-10
 3.44523759e-10]
11	1	[1.84498667e-01 8.15501309e-01 4.47164152e-10 1.20706039e-11
 2.53575257e-13]	[2.76126686e-01 2.76126682e-01 4.98337624e-09 5.41457816e-11
 4.85189339e-13]
11	2	[9.78615974e-02 3.80991663e-10 9.02138420e-01 1.67813904e-10
 1.75251765e-09]	[2.03320032e-01 6.53450988e-09 2.03320043e-01 6.71080532e-10
 1.01003219e-08]
11	3	[9.99836981e-01 2.83907255e-10 1.62894752e-04 1.21440213e-07
 2.44993867e-12]	[1.22639248e-04 4.75743560e-09 1.22598880e-04 5.85686299e-08
 1.26703190e-12]
11	4	[5.09180298e-01 7.20210248e-13 1.70114484e-11 3.32717257e-20
 4.90819741e-01]	[2.17614217e-01 1.15189554e-11 3.21884395e-10 8.89767759e-19
 2.17614235e-01]
12	1	[8.16784598e-02 9.18321521e-01 2.45088592e-10 2.08237766e-12
 1.32325176e-13]	[2.00120513e-01 2.00120502e-01 2.24594534e-09 1.02188104e-11
 3.88410612e-13]
12	2	[9.95551019e-01 2.98154481e-10 4.44884844e-03 1.39020830e-07
 1.21601227e-12]	[1.97884781e-03 6.91970514e-09 1.97882543e-03 4.39394004e-08
 5.36043949e-13]
12	3	[9.99993943e-01 5.90317274e-06 1.47746291e-07 7.76066614e-09
 9.21839950e-12]	[3.11571755e-06 3.07309356e-06 8.64160436e-08 2.02283202e-09
 7.39200406e-12]
12	4	[9.99949483e-01 4.94548185e-05 1.05774569e-06 1.03376594e-10
 1.06591182e-09]	[1.50940888e-05 1.51173865e-05 3.59895234e-07 7.08800152e-11
 4.99307884e-10]
13	1	[9.58451504e-01 4.15484957e-02 1.01975695e-09 2.14066697e-11
 2.19842661e-12]	[2.37140813e-02 2.37140790e-02 4.70795315e-10 2.52703577e-11
 9.07171608e-13]
13	2	[9.95644404e-01 2.54757085e-12 4.35542283e-03 1.65808796e-07
 6.59020457e-12]	[2.36639100e-03 3.00054159e-11 2.36634298e-03 5.45767109e-08
 1.89265184e-12]
13	4	[9.99923266e-01 6.48633601e-05 1.18635711e-05 9.47624222e-09
 3.86180224e-09]	[1.27713598e-05 1.22332083e-05 2.89117435e-06 4.06090604e-09
 2.08988031e-09]
14	1	[3.74490248e-02 9.62550998e-01 4.31590426e-11 8.30155714e-13
 8.39103057e-14]	[1.15985050e-01 1.15985056e-01 2.71014847e-10 4.71063594e-12
 4.68446577e-13]
14	2	[9.99990408e-01 9.02107296e-06 5.72125478e-07 2.07290296e-09
 4.54752366e-12]	[8.41484420e-05 8.41879406e-05 2.77515607e-07 8.74260038e-10
 2.15366537e-12]
14	3	[9.99994039e-01 3.86844877e-11 1.51308534e-09 5.96060066e-06
 3.96958006e-17]	[3.09825371e-06 6.07071212e-10 1.53148220e-09 3.09751608e-06
 1.52297973e-16]
14	4	[9.99923079e-01 7.63876339e-05 5.27148568e-07 3.89654262e-10
 7.67856605e-10]	[1.72186730e-05 1.71234173e-05 1.79966320e-07 1.45374813e-10
 4.08848663e-10]
15	1	[3.63295548e-02 9.63670442e-01 1.31035911e-09 1.26131940e-12
 4.94055238e-14]	[1.35912748e-01 1.35912758e-01 3.99085075e-08 1.05909473e-11
 2.92143082e-13]
15	2	[1.85992724e-01 2.39196265e-10 8.14004682e-01 2.50319884e-06
 5.29812995e-08]	[3.69185567e-01 4.86621073e-09 3.69191180e-01 3.16852909e-05
 1.63128442e-07]
15	4	[9.97382863e-01 1.86625135e-07 1.02434429e-03 8.18880454e-14
 1.59267030e-03]	[3.23079639e-02 3.50361714e-06 3.15950971e-02 1.13839912e-12
 6.98693373e-03]
16	1	[5.98265155e-02 9.40173475e-01 3.94587048e-09 9.03163044e-12
 7.14499767e-14]	[2.03851005e-01 2.03851021e-01 5.77836753e-08 1.04589339e-10
 3.28899544e-13]
16	2	[9.99514352e-01 7.81679727e-12 4.85643542e-04 2.07388356e-09
 1.48787657e-12]	[2.66936425e-04 2.01600537e-10 2.66932287e-04 1.01313826e-09
 7.67423064e-13]
16	3	[9.99992019e-01 7.91278783e-06 6.95451892e-08 3.71887163e-09
 3.62609998e-12]	[7.18383239e-06 7.17651175e-06 3.52243640e-08 1.51327942e-09
 2.59611369e-12]
16	4	[9.99962316e-01 3.52218270e-05 2.46331509e-06 8.01636449e-10
 5.49999188e-10]	[9.61925053e-06 9.30698255e-06 1.18300516e-06 5.30748691e-10
 3.12709418e-10]
17	1	[2.39762319e-01 7.60237677e-01 3.94079655e-09 3.54734797e-11
 7.84187382e-13]	[3.61573999e-01 3.61574001e-01 3.18466175e-08 1.63340324e-10
 1.82489028e-12]
17	2	[9.76552843e-01 2.20122616e-13 2.34469557e-02 1.94802493e-07
 3.81381001e-12]	[1.12542499e-02 3.07134912e-12 1.12542158e-02 5.50105302e-08
 1.18999391e-12]
17	3	[9.99979801e-01 2.01509857e-05 6.09948941e-08 6.05625753e-09
 5.89504834e-12]	[4.89462341e-05 4.89499142e-05 6.37918642e-08 2.47129508e-09
 8.32585229e-12]
17	4	[9.99935220e-01 6.21152344e-05 2.65749701e-06 3.81362903e-09
 4.84022389e-10]	[2.53308043e-05 2.54856966e-05 1.33453481e-06 1.89551662e-09
 2.67275570e-10]
18	1	[2.21685282e-01 7.78314730e-01 3.71467076e-09 3.57153797e-11
 2.20221395e-12]	[3.08365702e-01 3.08365711e-01 4.09866866e-08 1.13195815e-10
 3.83065647e-12]
18	2	[9.99991383e-01 3.01821423e-06 5.58694171e-06 3.10706404e-09
 4.26113004e-12]	[2.37119784e-05 2.40300706e-05 3.93865036e-06 1.19555927e-09
 2.61690656e-12]
18	3	[9.99971878e-01 1.16727031e-16 4.59859093e-10 2.81215799e-05
 3.54093256e-18]	[1.22150056e-05 1.20662728e-15 4.03928379e-10 1.22121987e-05
 6.66086120e-18]
18	4	[9.99938918e-01 5.61847236e-05 4.89381049e-06 3.88669610e-09
 7.68131688e-10]	[1.97976273e-05 2.01003180e-05 2.09341288e-06 2.04757448e-09
 3.49516493e-10]
19	1	[1.11043725e-01 8.88956260e-01 2.61181769e-10 7.73107272e-13
 8.18159752e-12]	[2.28584296e-01 2.28584290e-01 1.36767171e-09 4.96994572e-12
 1.03760844e-10]
19	2	[9.98943313e-01 6.70321045e-12 1.05657982e-03 1.05787117e-07
 2.36571871e-12]	[5.40888325e-04 1.74142827e-10 5.40869849e-04 3.52044557e-08
 1.33800028e-12]
19	3	[9.99990060e-01 9.81004606e-06 1.23248115e-07 6.70653973e-09
 9.49480528e-12]	[5.24859740e-06 5.23644533e-06 8.08567761e-08 2.41858805e-09
 7.17732670e-12]
19	4	[9.99993233e-01 6.20657857e-06 1.44486669e-10 8.12964304e-16
 5.85669024e-07]	[8.89726905e-05 8.87597154e-05 3.27499185e-09 1.64506645e-14
 6.72617180e-06]
20	1	[1.09367669e-01 8.90632327e-01 2.37439929e-09 9.46716131e-12
 3.00722118e-13]	[2.53966691e-01 2.53966698e-01 1.77478162e-08 6.67894183e-11
 1.07511366e-12]
20	2	[9.99923267e-01 7.42379697e-05 2.49281288e-06 7.21642306e-10
 7.55489245e-11]	[5.58005096e-04 5.58136749e-04 4.63383367e-06 4.58775732e-10
 1.77051242e-10]
20	3	[9.99974272e-01 2.55324255e-05 1.95775556e-07 7.25095669e-09
 2.68859882e-11]	[1.61615285e-05 1.61555605e-05 1.41095060e-07 3.08540905e-09
 2.49383983e-11]
20	4	[1.24608954e-01 1.54061528e-17 5.89594707e-08 7.52261299e-19
 8.75390980e-01]	[2.23721761e-01 1.91521321e-16 1.41262603e-06 2.18657332e-17
 2.23721986e-01]
21	1	[1.56388602e-01 8.43611391e-01 2.25983364e-09 1.09381151e-11
 1.25271083e-11]	[2.87857107e-01 2.87857111e-01 1.23056225e-08 5.29619941e-11
 2.61965978e-10]
21	2	[9.93097965e-01 4.30145148e-06 6.89773736e-03 2.84298390e-09
 8.70661497e-10]	[3.77634918e-02 1.08493317e-04 3.77641176e-02 1.91771716e-08
 4.12270258e-09]
21	3	[9.99991890e-01 7.89361342e-06 2.15601655e-07 7.32584318e-09
 1.31752040e-11]	[3.58570349e-06 3.54870547e-06 1.31981515e-07 2.46235928e-09
 8.59449312e-12]
21	4	[9.99967907e-01 3.21244977e-05 2.90597727e-10 2.01525761e-15
 1.61712121e-08]	[2.96244740e-05 2.96268203e-05 2.57944933e-09 1.66073668e-14
 1.43802583e-07]
22	1	[4.37534158e-01 5.62465868e-01 4.29079365e-09 6.12832225e-11
 2.83814945e-12]	[4.41089520e-01 4.41089506e-01 1.90472612e-08 1.76011353e-10
 3.20174273e-12]
22	2	[9.84695900e-01 1.98966291e-06 1.53021104e-02 2.38023823e-10
 4.12879465e-10]	[3.18057623e-02 4.36267565e-05 3.18066902e-02 8.00004223e-10
 5.96403925e-10]
22	3	[9.99996854e-01 2.50671334e-13 1.36057761e-09 3.14593285e-06
 5.65505028e-17]	[1.38562766e-06 3.30828902e-12 1.37758364e-09 1.38339744e-06
 9.03112409e-17]
22	4	[9.99947202e-01 5.17154565e-05 1.08004614e-06 4.42197406e-11
 1.36737791e-09]	[1.45376678e-05 1.46356765e-05 3.59599314e-07 3.17856209e-11
 5.72003869e-10]
23	1	[8.93792433e-03 9.91062097e-01 3.81670475e-12 1.58874659e-14
 1.83895893e-14]	[6.03183897e-02 6.03183925e-02 4.34091939e-11 2.08305464e-13
 2.61121701e-13]
23	2	[9.99397385e-01 4.31535887e-11 6.02615610e-04 3.11765718e-08
 1.08899408e-11]	[3.96279724e-04 2.06771098e-10 3.96282569e-04 1.34567496e-08
 4.35581752e-12]
23	4	[9.93743929e-01 4.20875197e-04 2.72089331e-06 2.92598316e-12
 5.83253677e-03]	[7.48623939e-02 2.32271146e-03 1.46949559e-05 1.61383508e-11
 7.48593716e-02]
24	1	[1.24435836e-01 8.75564135e-01 2.19349081e-10 2.12684231e-12
 1.91566684e-13]	[1.97662498e-01 1.97662490e-01 1.25721028e-09 1.23239670e-11
 3.88625857e-13]
24	2	[2.52197911e-01 2.94572955e-09 7.47802082e-01 1.83791295e-08
 1.16682450e-11]	[2.46159446e-01 5.24764104e-08 2.46159464e-01 1.55130603e-07
 5.82646513e-11]
24	3	[9.99998572e-01 1.15324280e-11 2.13375406e-09 1.42585474e-06
 3.30550587e-16]	[6.28047114e-07 3.10290616e-10 2.45373160e-09 6.27338281e-07
 8.06761055e-16]
24	4	[9.98213303e-01 8.27112309e-04 9.59646162e-04 3.30687768e-10
 1.97665003e-10]	[3.07918915e-02 5.76389679e-03 3.02738405e-02 1.03694649e-08
 9.05420526e-10]
25	1	[4.62607741e-02 9.53739197e-01 2.48383185e-10 2.22272318e-12
 2.60296661e-13]	[1.39506644e-01 1.39506637e-01 1.76884068e-09 2.43473018e-11
 8.88151116e-13]
25	2	[9.94332973e-01 1.42757581e-11 5.66688543e-03 1.46046718e-07
 1.03913978e-12]	[2.45824843e-03 3.82594606e-10 2.45823216e-03 4.96994777e-08
 4.71326478e-13]
25	3	[9.99991870e-01 7.99265212e-06 1.31328728e-07 6.76835329e-09
 8.89397043e-12]	[4.79631284e-06 4.77697509e-06 7.49693838e-08 2.21674027e-09
 7.18069947e-12]
25	4	[9.99984644e-01 5.02672830e-06 1.03329673e-05 1.57345554e-09
 1.22057760e-09]	[8.13507132e-06 8.82734183e-06 3.61437463e-06 4.52635079e-10
 5.48612745e-10]
26	1	[6.77418330e-02 9.32258179e-01 1.11412338e-11 1.13708023e-12
 1.22238812e-14]	[1.62389736e-01 1.62389739e-01 1.23941099e-10 7.85422479e-12
 6.04785711e-14]
26	2	[9.99992079e-01 7.70221342e-06 2.18436863e-07 5.64347602e-10
 6.44699304e-13]	[1.09403210e-04 1.09411129e-04 1.42625477e-07 5.13026457e-10
 6.80351802e-13]
26	3	[9.99979933e-01 4.12445238e-16 6.65838265e-10 2.00647899e-05
 3.37510337e-18]	[9.10689283e-06 5.14154034e-15 4.93450000e-10 9.10380643e-06
 5.73225920e-18]
26	4	[3.09732612e-02 2.04488932e-18 1.43799887e-21 1.32005673e-32
 9.69026743e-01]	[1.48059309e-01 4.51906667e-17 2.62132818e-20 2.70421745e-31
 1.48059311e-01]
27	1	[6.30192260e-02 9.36980787e-01 4.66363991e-10 2.89188304e-12
 9.48081520e-14]	[1.93729010e-01 1.93729015e-01 8.52840044e-09 3.48236308e-11
 4.94997163e-13]
27	2	[9.99408829e-01 2.10909036e-09 5.91172941e-04 1.54688389e-08
 1.07980668e-11]	[4.12898910e-04 4.67932128e-08 4.12911494e-04 7.85621577e-09
 3.28063274e-12]
27	3	[9.99969255e-01 3.07369489e-05 2.43309949e-08 4.74765223e-09
 2.53547101e-12]	[4.37856153e-04 4.37856408e-04 2.00922979e-08 1.82091547e-09
 5.06903800e-12]
27	4	[9.99764188e-01 1.13697332e-05 1.83569326e-04 1.80580744e-12
 4.08920040e-05]	[4.02885178e-03 3.20472267e-04 3.97809722e-03 2.79644759e-11
 5.69029928e-04]
28	1	[5.70995477e-02 9.42900446e-01 3.50247336e-10 3.60671687e-12
 3.79484140e-13]	[1.78323266e-01 1.78323266e-01 2.76640986e-09 2.43310307e-11
 1.37103607e-12]
28	2	[9.99966122e-01 3.21574853e-05 1.71932555e-06 1.02431031e-09
 7.05120102e-11]	[1.93165574e-05 1.89447584e-05 9.18244712e-07 5.02437730e-10
 6.89337152e-11]
28	3	[9.99995209e-01 2.14501989e-08 4.76544137e-06 3.32161066e-08
 2.29879289e-12]	[4.44410993e-06 1.66510760e-07 4.45185875e-06 1.51955468e-08
 1.36382366e-12]
28	4	[9.96959201e-01 1.20691089e-14 6.17901193e-06 7.00996171e-17
 3.03460534e-03]	[3.69937009e-02 2.69687957e-13 6.59170823e-06 1.36328307e-15
 3.69940701e-02]
29	1	[6.89369429e-02 9.31063061e-01 6.37610263e-10 5.57272521e-12
 5.24485299e-13]	[1.76981534e-01 1.76981540e-01 7.19167207e-09 4.90927085e-11
 1.59702144e-12]
29	2	[2.59090311e-01 8.07503224e-10 7.40909685e-01 3.71610876e-09
 2.58273726e-09]	[2.37192326e-01 1.71160406e-08 2.37192352e-01 3.68370597e-08
 5.61140500e-08]
29	3	[8.84918633e-02 5.39067849e-17 5.85139467e-14 9.11508103e-01
 2.51584335e-21]	[2.82384480e-01 1.70073040e-15 1.83887079e-12 2.82384464e-01
 7.93337689e-20]
29	4	[9.99958982e-01 3.86905226e-07 1.06797576e-07 2.47209569e-13
 4.05068247e-05]	[3.57358362e-04 5.30159227e-06 1.41378908e-06 6.58454422e-12
 3.57374706e-04]
30	1	[5.09410933e-01 4.90589080e-01 1.96409479e-09 2.70659325e-11
 8.48534360e-13]	[4.63408244e-01 4.63408220e-01 6.58061585e-09 4.66155173e-11
 9.24285670e-13]
30	2	[9.90684278e-01 9.63882316e-14 9.31559071e-03 1.40829837e-07
 1.38382210e-12]	[4.46219799e-03 2.03753962e-12 4.46218684e-03 4.69922815e-08
 4.96804393e-13]
30	3	[9.97408656e-01 1.24981783e-08 6.52599204e-11 2.59134223e-03
 1.81981059e-15]	[2.15785509e-02 2.04689807e-07 9.48648782e-10 2.15785527e-02
 2.66022158e-14]
30	4	[4.29795775e-02 8.16655755e-18 7.90577730e-15 1.51941079e-24
 9.57020440e-01]	[1.58651940e-01 8.80392139e-17 1.63818198e-13 3.68790449e-23
 1.58651944e-01]
31	1	[1.60076269e-01 8.39923715e-01 1.03762838e-09 6.44007895e-12
 8.64868453e-13]	[2.15142729e-01 2.15142724e-01 5.71876022e-09 2.27270899e-11
 1.55766609e-12]
31	2	[9.92076455e-01 5.81460659e-11 7.92340245e-03 1.60573598e-07
 2.16583946e-12]	[3.34020078e-03 1.21354515e-09 3.34020238e-03 4.61483795e-08
 1.21993723e-12]
31	3	[9.99993662e-01 6.28225330e-06 6.40223648e-08 5.04423928e-09
 3.88214024e-12]	[2.98586102e-06 2.96602831e-06 2.36874575e-08 1.64797588e-09
 2.38197188e-12]
31	4	[9.95120002e-01 4.87993338e-03 1.80566297e-08 1.26922832e-13
 2.58366181e-10]	[4.47846200e-03 4.47847645e-03 1.20677732e-07 5.80306164e-13
 5.26879124e-09]
32	1	[8.98382167e-02 9.10161771e-01 4.52361340e-10 2.63716804e-12
 3.02126330e-13]	[2.40897905e-01 2.40897898e-01 2.33917376e-09 1.19977403e-11
 9.82611618e-13]
32	2	[1.08199026e-01 6.28153994e-12 8.91800981e-01 1.81574369e-09
 1.33482895e-10]	[1.79925879e-01 1.37802468e-10 1.79925887e-01 9.18271360e-09
 1.25392272e-09]
32	4	[9.98469312e-01 1.53043564e-03 2.21164349e-07 5.85137128e-11
 5.00825413e-11]	[8.26769278e-03 8.26770447e-03 4.17897787e-08 8.27346053e-11
 3.05294604e-10]
33	1	[9.99925733e-01 7.41189030e-05 1.43147719e-07 5.22955846e-10
 7.68959417e-11]	[2.20770796e-05 2.20777955e-05 4.62153331e-08 2.36871744e-10
 3.79644047e-11]
33	2	[9.76468792e-01 6.48116279e-09 2.35311011e-02 1.04302607e-07
 2.56150492e-09]	[9.08024956e-02 1.11785047e-07 9.08025225e-02 1.10116497e-06
 1.43052120e-08]
33	3	[9.99990893e-01 9.09362878e-06 3.84722532e-08 2.24650321e-09
 1.36002326e-12]	[1.19772827e-05 1.19769628e-05 2.19249415e-08 8.29780371e-10
 1.28057153e-12]
33	4	[9.99964876e-01 3.46456717e-05 4.76684123e-07 1.19637701e-09
 1.53936654e-11]	[1.93100421e-04 1.93129972e-04 4.17704308e-07 4.73055155e-10
 3.62421841e-11]
34	1	[5.01059563e-02 9.49894037e-01 8.76271083e-10 2.74408873e-12
 2.10938495e-13]	[1.58029886e-01 1.58029888e-01 1.32599050e-08 1.94772734e-11
 6.39539415e-13]
34	2	[9.99944053e-01 4.47972779e-08 5.59097154e-05 3.14587450e-09
 1.35909018e-11]	[3.06129003e-05 2.71014516e-07 3.06667552e-05 1.79859403e-09
 3.99357292e-12]
34	3	[9.99976668e-01 5.58635379e-17 3.86937824e-10 2.33316251e-05
 1.86660197e-18]	[9.74541693e-06 3.73631893e-16 3.54901915e-10 9.74972476e-06
 3.03976415e-18]
34	4	[9.99998927e-01 3.02874504e-09 6.70467945e-08 3.70319359e-15
 9.82867253e-07]	[6.06699778e-06 6.14675613e-08 1.40947649e-06 1.09116578e-13
 5.89948042e-06]
35	1	[2.38613260e-01 7.61386721e-01 4.78533138e-09 2.36152898e-11
 6.59470499e-13]	[2.66681859e-01 2.66681864e-01 1.00184091e-07 1.45865734e-10
 1.48155524e-12]
35	2	[5.87004304e-01 4.06465542e-11 4.12995702e-01 8.96873162e-10
 9.29674911e-10]	[2.51774678e-01 4.69123197e-10 2.51774684e-01 5.35128930e-09
 2.46674031e-09]
35	3	[9.99991319e-01 8.53592951e-06 1.43675224e-07 5.33984352e-09
 9.12721661e-12]	[4.25874956e-06 4.23603711e-06 7.64164424e-08 1.81556785e-09
 6.91408001e-12]
35	4	[2.40527579e-02 6.85533612e-20 2.24521657e-10 1.55928730e-22
 9.75947255e-01]	[1.29391534e-01 1.13090277e-18 4.83561834e-09 3.46104072e-21
 1.29391541e-01]
36	1	[1.34919276e-01 8.65080695e-01 3.78174167e-08 6.21798641e-12
 9.31292528e-13]	[2.27645448e-01 2.27645591e-01 1.01234992e-06 2.76181444e-11
 2.19118879e-12]
36	2	[9.99994237e-01 1.27676538e-07 5.64488589e-06 1.09810358e-09
 3.64932749e-11]	[3.20384358e-06 3.19803420e-07 3.30025919e-06 6.03313003e-10
 2.10487410e-11]
36	3	[9.99989900e-01 3.70122169e-14 1.47602794e-09 1.01032377e-05
 1.58785171e-17]	[4.96936905e-06 7.59975757e-13 1.33578584e-09 4.96933200e-06
 5.38144722e-17]
36	4	[9.99978294e-01 2.10994083e-05 1.19775258e-08 1.17886993e-14
 6.15376332e-07]	[4.24395237e-04 4.24230321e-04 4.82334233e-08 1.52807664e-13
 1.27926678e-05]
37	1	[5.52879494e-02 9.44712012e-01 4.19176518e-09 2.76095642e-12
 8.76401054e-14]	[1.91592902e-01 1.91592916e-01 1.12457558e-07 2.20993930e-11
 4.84046153e-13]
37	4	[9.93221781e-01 3.75887827e-12 1.08866223e-10 5.37412408e-20
 6.77826848e-03]	[6.03252493e-02 6.09249168e-11 1.98613995e-09 1.07588370e-18
 6.03252425e-02]
38	1	[7.26575522e-02 9.27342447e-01 1.77532195e-10 3.58641384e-12
 3.56150060e-13]	[1.72845054e-01 1.72845050e-01 9.38789253e-10 1.72060793e-11
 9.79694546e-13]
38	2	[1.41314539e-01 1.33214154e-10 8.58685417e-01 2.21201000e-09
 2.20768891e-10]	[2.08811205e-01 1.59742610e-09 2.08811191e-01 4.90205806e-09
 2.96698384e-09]
38	3	[9.99980852e-01 1.90423607e-05 1.06504839e-07 5.53927616e-09
 1.04267714e-11]	[3.20856835e-05 3.20848352e-05 9.41725594e-08 2.43589284e-09
 1.29057215e-11]
38	4	[2.28049619e-01 9.47368073e-17 6.69169844e-16 9.10645443e-26
 7.71950409e-01]	[1.20794197e-01 2.51187595e-15 2.10309594e-14 2.78410432e-24
 1.20794201e-01]
39	1	[3.02520440e-01 6.97479524e-01 3.28300852e-09 2.40262047e-11
 1.80166837e-12]	[4.42452343e-01 4.42452339e-01 6.32495135e-09 4.35378158e-11
 2.90938501e-12]
39	2	[9.99592226e-01 4.49204164e-06 4.03283168e-04 1.00483607e-08
 9.96059721e-12]	[3.34402436e-04 1.41197083e-04 3.09049708e-04 6.98823509e-09
 3.46142113e-12]
39	3	[9.99990300e-01 7.14905663e-16 7.05701007e-10 9.70078540e-06
 8.79606551e-18]	[4.60505018e-06 7.83422642e-15 7.79624869e-10 4.60518765e-06
 2.04348736e-17]
39	4	[9.99965125e-01 3.29047991e-05 1.96834489e-06 1.54903231e-10
 6.47590634e-10]	[6.92521392e-06 6.72800562e-06 7.20039973e-07 1.07396385e-10
 3.13533920e-10]
40	1	[2.43640148e-01 7.56359850e-01 2.19532012e-10 5.08392036e-12
 9.37585623e-14]	[3.44664677e-01 3.44664672e-01 1.44396742e-09 1.97467943e-11
 2.00764361e-13]
40	2	[8.18650276e-01 3.56854463e-07 1.81349366e-01 1.72545676e-08
 3.04521099e-12]	[7.12373664e-02 5.56387216e-06 7.12382747e-02 7.19983755e-09
 6.51914366e-12]
40	4	[9.99765256e-01 2.34009732e-04 6.92737383e-07 1.63945069e-11
 5.48298793e-10]	[1.26066761e-03 1.26073612e-03 1.84944914e-06 5.96762709e-11
 3.32448026e-09]
41	1	[4.93396584e-02 9.50660355e-01 1.91196356e-10 3.14848427e-12
 2.26754326e-13]	[1.60945207e-01 1.60945210e-01 1.87324382e-09 2.62893946e-11
 7.83905288e-13]
41	2	[7.19971436e-01 4.56731972e-08 2.80028518e-01 1.07702382e-10
 1.09088756e-09]	[1.18134033e-01 7.71300998e-07 1.18134138e-01 2.44049082e-10
 2.83340602e-09]
41	3	[9.99985094e-01 4.63669248e-17 5.35082580e-10 1.49066200e-05
 2.74341849e-18]	[5.35431434e-06 4.11186333e-16 4.08498241e-10 5.35284716e-06
 4.27422967e-18]
41	4	[9.99925806e-01 5.07341792e-11 1.56653820e-06 7.46296115e-16
 7.26575182e-05]	[1.07130185e-03 9.41790138e-10 3.61009700e-05 1.64983880e-14
 1.07079230e-03]
42	1	[2.91817018e-01 7.08183004e-01 9.35253908e-10 1.96939073e-11
 1.06875621e-12]	[3.27557635e-01 3.27557644e-01 6.97435497e-09 6.52604690e-11
 1.39525655e-12]
42	2	[9.93034341e-01 1.97109661e-11 6.96552939e-03 1.28416110e-07
 9.80293332e-13]	[3.37482063e-03 5.60439892e-10 3.37479471e-03 4.85892528e-08
 4.71819442e-13]
42	3	[9.98945297e-01 5.83110635e-13 1.05451081e-03 1.90988891e-07
 3.99081545e-13]	[7.47426590e-04 1.01902163e-11 7.47384885e-04 6.91084905e-08
 2.43874332e-13]
42	4	[7.72597406e-01 9.92275020e-13 1.60791798e-04 2.26921160e-17
 2.27241804e-01]	[1.32665256e-01 3.12436737e-11 3.57995002e-03 4.34112347e-16
 1.32892150e-01]
43	1	[2.36544867e-01 7.63455136e-01 3.56471509e-09 5.03310505e-11
 1.67836908e-12]	[3.25701841e-01 3.25701842e-01 1.36052135e-08 1.58423267e-10
 2.61434041e-12]
43	2	[2.59365547e-01 3.10009198e-10 7.40634465e-01 4.06063767e-10
 2.74965114e-10]	[2.01848603e-01 2.39384691e-09 2.01848605e-01 8.25148024e-10
 1.70128041e-09]
43	3	[9.99993881e-01 5.96661545e-06 1.48138595e-07 7.62409210e-09
 9.52050368e-12]	[3.30645561e-06 3.25695668e-06 8.49745576e-08 2.07363102e-09
 8.35730722e-12]
43	4	[9.99868056e-01 1.29399844e-04 2.53840871e-06 6.93388657e-09
 2.23367481e-09]	[4.20150025e-05 4.16959693e-05 1.11396675e-06 6.00966313e-09
 1.41045199e-09]
44	1	[4.64636991e-02 9.53536301e-01 1.61865427e-10 1.56769185e-12
 7.13808655e-14]	[1.70430384e-01 1.70430384e-01 1.40235492e-09 1.13878647e-11
 3.94057637e-13]
44	2	[3.16872206e-01 7.37116865e-08 6.83127184e-01 4.89664820e-07
 5.94462463e-08]	[4.44049717e-01 1.94175301e-06 4.44050687e-01 9.00666251e-06
 5.41102404e-07]
44	3	[9.99997405e-01 2.23150146e-13 4.36489827e-09 2.59456367e-06
 2.09646259e-16]	[1.34394165e-06 3.15049086e-12 4.40702521e-09 1.34038764e-06
 7.16058258e-16]
44	4	[9.99951821e-01 4.71853859e-05 9.91123600e-07 5.38695343e-11
 9.77111036e-10]	[1.26306074e-05 1.27113757e-05 3.28095030e-07 3.97379437e-11
 4.14088174e-10]
45	1	[4.51782829e-01 5.48217216e-01 9.67588794e-10 8.25170796e-12
 2.20973038e-14]	[4.61628479e-01 4.61628473e-01 1.56508478e-08 2.19074610e-11
 5.38529375e-14]
45	2	[3.27448400e-01 1.94597046e-07 6.72550947e-01 4.59307948e-07
 3.27833633e-11]	[4.61830375e-01 2.42922980e-06 4.61831339e-01 9.29894773e-07
 3.73224955e-10]
45	4	[9.99899645e-01 6.04377770e-05 6.41549927e-07 2.48662598e-12
 3.92754641e-05]	[1.12491060e-03 9.55933690e-04 1.27591890e-05 7.83706095e-11
 5.96888991e-04]
46	1	[1.11739438e-01 8.88260540e-01 8.73365174e-10 6.65578613e-12
 2.84409378e-13]	[2.07785486e-01 2.07785483e-01 8.55147262e-09 5.35215988e-11
 6.87567785e-13]
46	2	[9.94651630e-01 1.17466246e-10 5.34817885e-03 1.83149139e-07
 1.18238685e-12]	[2.41779633e-03 2.31757274e-09 2.41775556e-03 5.79677771e-08
 5.96399226e-13]
46	3	[9.99987774e-01 1.21471625e-05 8.19722201e-08 5.65843953e-09
 6.48450860e-12]	[2.70898582e-05 2.70906700e-05 5.41173136e-08 2.35679680e-09
 5.41904604e-12]
46	4	[9.99970664e-01 2.81795628e-05 1.15525464e-06 3.87322164e-10
 2.29830527e-10]	[8.39160564e-06 8.21293835e-06 6.97621578e-07 2.39726556e-10
 1.23968934e-10]
47	1	[1.66261364e-01 8.33738669e-01 1.14629155e-10 1.94754946e-12
 1.26024553e-13]	[3.00074709e-01 3.00074705e-01 7.21167315e-10 7.76642814e-12
 2.78980490e-13]
47	2	[9.93147877e-01 1.56458544e-11 6.85200607e-03 1.10706701e-07
 1.70226328e-12]	[4.25089485e-03 2.99334647e-10 4.25087631e-03 4.64861074e-08
 7.26229728e-13]
47	3	[9.99983000e-01 1.69517860e-05 6.43056385e-08 5.85252258e-09
 6.77856705e-12]	[1.44357124e-05 1.44299266e-05 6.55051592e-08 2.96752957e-09
 1.61048238e-11]
47	4	[9.97130392e-01 2.86958619e-03 9.53974304e-09 2.13492650e-10
 2.70244793e-12]	[3.31939135e-02 3.31939159e-02 1.07578711e-08 2.05928816e-10
 2.10837949e-12]
48	1	[2.64582935e-02 9.73541703e-01 1.11393191e-08 1.27270532e-12
 1.92858121e-14]	[1.14664684e-01 1.14664783e-01 3.21189766e-07 1.80709307e-11
 1.10586525e-13]
48	2	[5.20894622e-02 1.28198417e-09 9.47910561e-01 3.22377970e-11
 1.20467943e-10]	[1.60002145e-01 4.03487355e-08 1.60002160e-01 4.42351485e-10
 1.47326365e-09]
48	3	[9.99987568e-01 1.23317627e-05 9.55837313e-08 1.16554798e-09
 2.41691930e-12]	[1.58731063e-05 1.58759473e-05 4.64859037e-08 5.06056998e-10
 1.65940290e-12]
49	1	[2.68204112e-01 7.31795883e-01 1.27076666e-09 1.33898571e-11
 4.61608494e-13]	[4.26330417e-01 4.26330428e-01 3.73570915e-09 3.96367596e-11
 7.74447728e-13]
49	2	[9.99993211e-01 1.30278482e-08 6.74255138e-06 8.52151958e-08
 3.68379908e-13]	[1.18806971e-04 1.31313281e-07 1.18801866e-04 1.20870702e-06
 1.10277430e-12]
50	1	[1.56755111e-01 8.43244874e-01 1.71674636e-09 2.99744812e-10
 2.47866761e-13]	[2.61341733e-01 2.61341734e-01 3.82646332e-08 7.99368121e-09
 6.33999454e-13]
50	2	[1.39268175e-01 9.08123718e-08 8.60731711e-01 1.51927082e-09
 1.00724771e-11]	[2.17159204e-01 2.86257898e-06 2.17159558e-01 9.30055903e-09
 2.73757592e-11]
50	3	[4.53113870e-02 1.46275728e-10 6.05135602e-12 9.54688619e-01
 3.61960558e-18]	[1.62546037e-01 3.28296443e-09 1.08200560e-10 1.62546037e-01
 7.80471539e-17]
50	4	[9.97896600e-01 2.99761546e-10 1.25468819e-08 2.23851729e-16
 2.10335027e-03]	[4.01380619e-02 5.54982175e-09 3.61290966e-07 6.32831177e-15
 4.01380662e-02]
51	1	[5.70806705e-02 9.42919362e-01 4.06778134e-10 3.18666371e-12
 2.06648434e-13]	[1.82374887e-01 1.82374897e-01 2.49752125e-09 1.93277364e-11
 7.96495596e-13]
51	2	[9.99993390e-01 6.48024805e-06 1.19981478e-07 2.27642985e-10
 4.64279013e-13]	[8.23485044e-05 8.23523245e-05 6.37445368e-08 2.26303062e-10
 1.47268999e-12]
51	3	[8.25367984e-02 8.60995079e-11 4.60379498e-09 9.17463197e-01
 1.19351896e-17]	[2.22666531e-01 1.26789832e-09 8.27027998e-08 2.22666550e-01
 2.85670988e-16]
51	4	[9.99962572e-01 3.53053700e-05 2.11935208e-06 1.13924807e-10
 7.56326669e-10]	[6.89244255e-06 6.69809146e-06 7.57508076e-07 8.25575378e-11
 3.67149477e-10]
52	1	[5.35004898e-02 9.46499497e-01 1.26631476e-10 1.69562260e-11
 2.36399202e-14]	[1.79348488e-01 1.79348482e-01 2.53137530e-09 5.07886420e-10
 1.08373438e-13]
52	2	[9.92288129e-01 1.83461767e-10 7.71174971e-03 1.22458861e-07
 2.26737364e-12]	[3.50100271e-03 5.77501109e-09 3.50097392e-03 5.21493823e-08
 8.28793335e-13]
52	3	[9.99990059e-01 9.90158902e-06 5.56227145e-08 3.58690555e-09
 3.11899921e-12]	[4.52183917e-05 4.52168261e-05 3.63964583e-08 1.58408056e-09
 3.63614261e-12]
52	4	[9.99945709e-01 5.37388754e-05 5.49941295e-07 6.95941360e-11
 7.46297997e-10]	[1.72837220e-05 1.73256851e-05 1.55865921e-07 4.67654697e-11
 3.16906830e-10]
53	1	[6.00288337e-02 9.39971167e-01 5.66475238e-10 2.35222446e-12
 3.62774199e-13]	[1.60846655e-01 1.60846658e-01 4.51598507e-09 2.28512848e-11
 1.19089091e-12]
53	2	[1.52830602e-01 1.43786092e-07 8.47169245e-01 9.84180684e-11
 6.25412691e-10]	[2.28817262e-01 4.53030234e-06 2.28817786e-01 4.14789722e-10
 1.71832385e-09]
53	3	[9.99989412e-01 1.05287635e-05 6.54454368e-08 3.28233152e-09
 3.72703911e-12]	[1.67500916e-05 1.67499287e-05 3.34328251e-08 1.23642467e-09
 3.55466412e-12]
53	4	[9.99984940e-01 1.48523177e-05 2.28606990e-07 1.70454256e-09
 5.27374254e-12]	[3.12294696e-05 3.12447281e-05 1.06793756e-07 2.97469457e-10
 1.23517556e-12]
54	1	[3.55420159e-02 9.64457971e-01 1.69679238e-11 5.67448296e-12
 1.86841092e-14]	[1.44214318e-01 1.44214315e-01 1.74393392e-10 1.51698712e-10
 1.41682535e-13]
54	2	[9.90751872e-01 1.03361087e-12 9.24794325e-03 1.78755655e-07
 1.32565405e-12]	[3.79101612e-03 2.76602544e-11 3.79099728e-03 4.95869597e-08
 7.27392684e-13]
54	4	[1.99609510e-02 1.92467258e-14 8.01507778e-09 2.58449717e-18
 9.80039002e-01]	[9.25443680e-02 3.50793499e-13 1.43771081e-07 4.64214315e-17
 9.25444519e-02]
55	1	[2.78994587e-01 7.21005440e-01 2.72017670e-09 1.06637471e-11
 1.68966608e-13]	[3.35691140e-01 3.35691138e-01 5.80136369e-08 7.22773271e-11
 2.79863607e-13]
55	2	[9.91296622e-01 1.19186542e-11 8.70323312e-03 1.46610164e-07
 6.30712159e-13]	[4.55778979e-03 3.58249936e-10 4.55776049e-03 5.42808334e-08
 3.71795790e-13]
55	3	[9.98938252e-01 3.31622190e-11 1.06157028e-03 1.80802904e-07
 9.25314642e-13]	[9.71934777e-04 8.56638706e-10 9.71895607e-04 7.33554782e-08
 3.61938274e-13]
55	4	[9.99982613e-01 1.73636709e-05 3.92807931e-08 6.09065556e-10
 2.23308059e-12]	[4.62789960e-06 4.63043468e-06 1.04851399e-08 3.14862905e-10
 5.62846966e-13]
56	1	[1.55050561e-01 8.44949440e-01 6.45149566e-10 3.20715519e-12
 1.88667075e-13]	[3.00786536e-01 3.00786541e-01 4.92028520e-09 3.12594415e-11
 3.97485877e-13]
56	2	[9.80157074e-01 1.40208977e-10 1.98427889e-02 1.41393123e-07
 9.73127090e-13]	[8.34246619e-03 3.91552596e-09 8.34245186e-03 4.88611279e-08
 4.92383571e-13]
56	3	[9.99810372e-01 4.59205876e-10 1.89524945e-04 9.52268042e-08
 2.35988146e-12]	[1.29270833e-04 7.79464270e-09 1.29252482e-04 3.57079798e-08
 7.80231292e-13]
56	4	[3.67341200e-02 2.08907467e-13 2.70068598e-12 1.20926623e-20
 9.63265858e-01]	[1.56815013e-01 5.02231730e-12 5.54977659e-11 3.30297937e-19
 1.56815010e-01]
57	1	[9.70976601e-02 9.02902361e-01 1.44849456e-08 9.30495326e-12
 5.11185860e-13]	[2.20554128e-01 2.20554199e-01 3.17559254e-07 5.08373714e-11
 1.85213304e-12]
57	2	[9.96901658e-01 4.58609162e-10 3.09822398e-03 1.24056439e-07
 2.49557785e-12]	[1.46096378e-03 1.03147553e-08 1.46094573e-03 4.31572104e-08
 7.17987984e-13]
57	3	[9.99994103e-01 1.16560150e-14 1.97584813e-09 5.89739098e-06
 3.55059930e-17]	[2.73594840e-06 1.74412576e-13 1.72566219e-09 2.73725679e-06
 6.23680156e-17]
57	4	[9.99969254e-01 3.00837952e-05 6.65087537e-07 1.67641943e-10
 2.06323635e-10]	[9.42153014e-06 9.39038991e-06 2.95347481e-07 1.08462186e-10
 1.02905576e-10]
58	1	[1.58000286e-01 8.41999715e-01 1.55781026e-10 6.59332845e-12
 1.72792879e-13]	[2.50225847e-01 2.50225854e-01 2.03344420e-09 2.86836432e-11
 4.26163829e-13]
58	2	[6.65109178e-04 3.30059416e-16 9.99334915e-01 1.55795653e-11
 1.57370520e-12]	[9.44008196e-03 7.50802230e-15 9.44008150e-03 1.87390962e-10
 4.77309437e-11]
58	3	[9.99999446e-01 4.74670403e-07 8.84207622e-08 1.86600985e-08
 1.18513584e-12]	[2.89218289e-06 2.89017768e-06 5.95143582e-08 9.63448616e-09
 1.43684542e-12]
58	4	[9.99686920e-01 2.98159728e-09 7.03625488e-12 5.13240024e-18
 3.13120004e-04]	[6.76530003e-03 8.33909457e-08 1.71436414e-10 1.59525931e-16
 6.76529684e-03]
59	1	[1.32021785e-01 8.67978242e-01 1.86572994e-09 2.33014846e-12
 1.42485354e-13]	[2.05044473e-01 2.05044478e-01 2.38642771e-08 1.32187514e-11
 2.20261949e-13]
59	2	[9.99960147e-01 3.56155002e-05 4.23805562e-06 7.06848081e-10
 1.44833449e-10]	[1.23667735e-05 1.18648929e-05 1.85985343e-06 6.06915433e-10
 9.64743611e-11]
59	4	[9.99997220e-01 2.44952415e-06 4.83037464e-09 5.26253398e-14
 3.09377843e-07]	[2.58033799e-05 2.56138435e-05 4.21923858e-08 4.28178375e-13
 3.22007088e-06]
60	1	[7.43076133e-02 9.25692386e-01 3.47710324e-11 1.75019902e-12
 4.95553789e-14]	[1.55443101e-01 1.55443110e-01 3.53408187e-10 1.15396625e-11
 1.55436420e-13]
60	2	[5.97579895e-01 7.75644551e-10 4.02420110e-01 5.85824292e-10
 4.13429360e-10]	[1.87905150e-01 6.26310719e-09 1.87905148e-01 2.16668383e-09
 1.86440342e-09]
60	3	[9.99990595e-01 1.62950444e-14 4.43043887e-10 9.40573661e-06
 1.14252362e-17]	[4.70832260e-06 1.87611780e-13 6.54809333e-10 4.70566552e-06
 4.08985494e-17]
60	4	[9.99997395e-01 1.68779017e-06 8.11721879e-07 1.06138098e-12
 1.08801451e-07]	[1.82912599e-05 1.72888894e-05 6.09218438e-06 1.68468632e-11
 4.50760000e-07]
61	1	[2.63372943e-01 7.36627055e-01 5.50695155e-10 7.04401607e-12
 3.12168452e-13]	[3.28183725e-01 3.28183725e-01 2.19988135e-09 4.97308102e-11
 5.91700904e-13]
61	2	[9.97036718e-01 3.13733999e-08 2.96323519e-03 1.98390549e-09
 3.55367298e-11]	[9.65878750e-03 3.55495516e-07 9.65879840e-03 8.92615035e-09
 3.19910308e-11]
61	3	[9.99994385e-01 5.54160428e-06 7.37424533e-08 6.34208823e-09
 4.77877944e-12]	[3.01031568e-06 2.98754596e-06 3.16725842e-08 1.93155065e-09
 3.92473832e-12]
61	4	[9.99928249e-01 6.55751689e-05 6.16809930e-06 5.00848917e-09
 1.51183361e-09]	[1.95280774e-05 1.82599072e-05 2.63353777e-06 2.18274847e-09
 1.05859970e-09]
62	1	[4.64491319e-02 9.53550869e-01 9.12675210e-11 1.18672109e-12
 1.48951345e-13]	[1.47620068e-01 1.47620070e-01 8.30064034e-10 1.07378755e-11
 5.04041002e-13]
62	2	[9.71002329e-02 1.00618672e-07 9.02899671e-01 2.82139788e-10
 1.06095928e-10]	[1.95307749e-01 2.58743729e-06 1.95308218e-01 1.00896862e-09
 2.21331693e-10]
62	3	[9.99992395e-01 7.60244673e-06 1.82262297e-08 3.14647555e-09
 7.56909794e-13]	[1.06964423e-05 1.06976117e-05 1.01630199e-08 1.08773174e-09
 1.17072409e-12]
62	4	[9.98987636e-01 1.36299895e-12 1.00665237e-03 1.13960853e-12
 5.66911325e-06]	[1.59277564e-02 3.15550971e-11 1.59276549e-02 2.97419253e-11
 1.21098901e-04]
63	1	[1.14719403e-02 9.88528034e-01 1.18782589e-11 5.74123754e-13
 5.43253054e-15]	[8.63707380e-02 8.63707367e-02 2.41681702e-10 8.20658654e-12
 1.02036840e-13]
63	2	[1.71541684e-01 1.55560630e-03 8.26902700e-01 1.91871803e-10
 3.48141208e-10]	[3.59437131e-01 2.83859414e-02 3.61886670e-01 6.93437912e-10
 1.06924580e-08]
63	3	[9.99996139e-01 5.44207206e-14 8.05674758e-10 3.85967286e-06
 1.77623801e-17]	[2.41872522e-06 8.90206759e-13 8.44757888e-10 2.41793872e-06
 5.74807424e-17]
63	4	[9.46741884e-01 1.91073883e-13 9.71908383e-13 3.55973026e-21
 5.32580863e-02]	[8.63998575e-02 5.74821370e-12 3.06444037e-11 1.12435473e-19
 8.63998592e-02]
64	1	[5.78114413e-02 9.42188545e-01 1.36366682e-10 1.55058062e-12
 7.83644439e-14]	[1.80285809e-01 1.80285804e-01 2.01550683e-09 1.86527586e-11
 2.85349224e-13]
64	2	[1.31655021e-01 5.90016233e-10 8.68345008e-01 4.58824701e-11
 9.10918785e-09]	[1.86758041e-01 1.72651020e-08 1.86758069e-01 4.69658365e-10
 4.82799665e-08]
64	3	[9.99977805e-01 2.21204733e-05 8.21774225e-08 5.66443223e-09
 9.69137297e-12]	[2.48773658e-05 2.48785851e-05 6.07649202e-08 2.74052116e-09
 1.01764808e-11]
64	4	[9.99995418e-01 4.57097422e-06 4.66978804e-08 1.43518720e-09
 1.15830759e-12]	[1.40171899e-06 1.39241787e-06 9.69357720e-09 1.48598263e-10
 3.03361181e-13]
65	1	[1.48539598e-01 8.51460419e-01 6.55147104e-10 9.44544957e-12
 3.94932777e-13]	[2.48167582e-01 2.48167596e-01 3.62049688e-09 4.76618151e-11
 9.60770986e-13]
65	2	[9.95597427e-01 5.37606382e-12 4.40247103e-03 9.93128038e-08
 1.43843651e-12]	[2.23059105e-03 1.62524398e-10 2.23056573e-03 3.85012535e-08
 5.82523130e-13]
65	3	[9.99186696e-01 3.77476717e-12 8.13138202e-04 1.68090874e-07
 1.49506202e-12]	[7.23338427e-04 3.98801716e-11 7.23290457e-04 7.15555960e-08
 5.44319077e-13]
65	4	[2.01167101e-01 1.35221901e-16 1.16189715e-07 4.32746326e-18
 7.98832831e-01]	[1.80481390e-01 2.67597999e-15 1.51483272e-06 9.21702059e-17
 1.80481912e-01]
66	1	[2.43393859e-01 7.56606127e-01 1.04160505e-09 1.66001312e-11
 9.71917305e-13]	[3.16823092e-01 3.16823083e-01 8.66752693e-09 7.75619987e-11
 5.26764409e-12]
66	2	[9.99998307e-01 1.59331417e-06 7.40011375e-08 3.02503854e-09
 9.56142910e-13]	[2.07034861e-06 2.07663272e-06 1.04917514e-08 2.02221798e-09
 2.50624964e-13]
66	3	[9.99989195e-01 1.62997067e-13 5.62622989e-10 1.08035275e-05
 6.75771624e-18]	[5.29167966e-06 3.70138734e-12 6.27159160e-10 5.29186148e-06
 3.13544052e-17]
66	4	[2.23046260e-01 6.13330782e-09 9.77310627e-10 5.57685512e-18
 7.76953754e-01]	[2.84330758e-01 1.75140945e-07 1.56709247e-08 1.40273480e-16
 2.84330784e-01]
67	1	[3.31172360e-02 9.66882758e-01 6.06569932e-11 5.71560712e-13
 6.97466838e-14]	[1.34386557e-01 1.34386556e-01 3.95608000e-10 3.35197924e-12
 3.93022081e-13]
67	2	[6.70025479e-02 1.87676785e-09 9.32997486e-01 2.84062045e-11
 1.19799207e-08]	[2.33922981e-01 4.09100382e-08 2.33923053e-01 4.27431284e-10
 2.19247607e-07]
67	4	[9.99953441e-01 1.50044411e-05 3.15134079e-05 3.06121319e-11
 2.19470944e-10]	[2.57403542e-04 2.58844221e-04 3.31649677e-06 5.41743096e-11
 4.88840584e-11]
68	1	[9.99937146e-01 6.27844316e-05 7.16508485e-08 1.03904755e-09
 1.66084923e-11]	[7.02584651e-05 7.02616314e-05 3.87547229e-08 5.35257759e-10
 1.50463119e-11]
68	2	[9.99969783e-01 2.38533117e-05 6.36148157e-06 5.83186339e-10
 1.30138344e-10]	[7.41759838e-05 7.44805457e-05 2.45762486e-06 5.32902943e-10
 6.03165275e-11]
68	3	[9.99985655e-01 1.43279629e-05 3.53961395e-08 2.97818845e-09
 2.02413503e-12]	[2.28614607e-05 2.28597881e-05 2.50349389e-08 1.25454785e-09
 2.79537454e-12]
68	4	[9.96288186e-01 1.39443502e-11 1.21812923e-07 1.32330684e-15
 3.71174369e-03]	[3.97702788e-03 2.36979597e-10 2.98899510e-06 3.14828941e-14
 3.97713756e-03]
69	1	[4.22716991e-02 9.57728289e-01 2.09242163e-11 1.30146064e-12
 1.88899791e-14]	[1.46663683e-01 1.46663680e-01 2.38762184e-10 1.68212351e-11
 1.54381282e-13]
69	2	[7.52485597e-02 2.55577658e-09 9.24747219e-01 4.18278615e-06
 4.02891717e-10]	[1.91936899e-01 5.08530230e-08 1.91957026e-01 9.34260686e-05
 2.95814453e-09]
69	3	[9.99980755e-01 1.92228018e-05 4.14105063e-08 3.72823870e-09
 3.50290763e-12]	[4.39891454e-05 4.39898888e-05 3.04365852e-08 1.88195903e-09
 5.08205417e-12]
69	4	[9.98503563e-01 1.56153208e-12 9.71703144e-09 2.90556484e-18
 1.49644024e-03]	[3.30275873e-02 3.35580009e-11 8.54196101e-08 6.42893374e-17
 3.30275858e-02]
70	1	[1.09605718e-01 8.90394212e-01 5.42834639e-08 3.87043784e-12
 1.39930980e-12]	[2.38908832e-01 2.38909026e-01 1.22929111e-06 2.22566894e-11
 2.86799547e-11]
70	2	[9.99631459e-01 1.01662749e-07 3.68439494e-04 3.85981683e-09
 6.36458111e-11]	[2.04161839e-04 1.65019233e-06 2.04336964e-04 1.82403529e-09
 2.18333470e-11]
70	3	[9.99998007e-01 1.18249764e-13 2.59216235e-09 1.98843462e-06
 1.05457268e-16]	[8.98987248e-07 1.41291446e-12 2.24124861e-09 8.94501466e-07
 1.98514382e-16]
70	4	[7.77035427e-01 5.57482011e-11 9.75380323e-11 2.26001909e-19
 2.22964618e-01]	[1.30407700e-01 1.65543859e-09 2.35063454e-09 6.16551161e-18
 1.30407691e-01]
71	1	[5.32772975e-02 9.46722682e-01 2.64589818e-12 3.10215839e-13
 4.07273084e-15]	[1.56626384e-01 1.56626380e-01 4.88987350e-11 2.07854309e-12
 5.78864643e-14]
71	2	[2.39216279e-02 1.78321502e-11 9.76078350e-01 1.75176471e-09
 5.59725955e-11]	[1.24664281e-01 3.75596423e-10 1.24664289e-01 1.75446602e-08
 1.24331545e-09]
71	3	[1.54397288e-01 3.09055256e-16 2.04149552e-14 8.45602697e-01
 2.43106207e-23]	[3.38436319e-01 8.98143401e-15 4.43477515e-13 3.38436308e-01
 4.18011814e-22]
71	4	[9.98532747e-01 1.51438032e-05 1.11806068e-07 3.19242958e-14
 1.45204013e-03]	[3.23302783e-02 3.67078295e-04 7.04870558e-07 8.96867901e-13
 3.23288790e-02]
72	1	[3.50805176e-02 9.64919468e-01 2.34086603e-10 1.64664368e-12
 1.09249896e-13]	[1.35659380e-01 1.35659377e-01 2.41332285e-09 1.62267715e-11
 5.71125916e-13]
72	2	[9.86847390e-01 1.51305286e-12 1.31524500e-02 1.60481344e-07
 6.01652561e-13]	[6.15082392e-03 3.29498679e-11 6.15078775e-03 5.72319771e-08
 3.84399806e-13]
72	3	[9.99997840e-01 1.25434827e-12 2.91322352e-09 2.15904733e-06
 2.54464986e-16]	[1.01066217e-06 2.03749199e-11 3.04136475e-09 1.01044365e-06
 5.53458363e-16]
72	4	[9.99946497e-01 5.20366376e-05 1.46457104e-06 1.07609934e-09
 4.79269960e-10]	[1.58080365e-05 1.53285273e-05 9.77358697e-07 5.27190348e-10
 3.06337230e-10]
73	1	[1.45388456e-01 8.54610788e-01 7.45539193e-07 1.66609574e-11
 1.02486475e-12]	[2.74458043e-01 2.74460356e-01 2.35193610e-05 1.05812956e-10
 3.24126982e-12]
73	2	[9.99972901e-01 2.61094983e-05 9.89627844e-07 5.33566770e-10
 7.13688791e-11]	[1.50689995e-05 1.49942632e-05 5.14432738e-07 4.01093453e-10
 5.40984435e-11]
73	3	[9.99999959e-01 3.31844581e-09 2.77979960e-08 4.75873764e-08
 7.69455337e-14]	[5.91228804e-08 1.42131994e-08 1.79722846e-08 2.05834314e-08
 9.66283140e-14]
73	4	[1.93972255e-01 1.71342715e-17 2.81911579e-15 1.28697927e-24
 8.06027758e-01]	[1.24083976e-01 4.31417970e-16 6.35886565e-14 3.25285279e-23
 1.24083979e-01]
74	1	[1.06988936e-01 8.93011042e-01 7.50883352e-10 7.42581045e-12
 8.15682785e-13]	[2.26617394e-01 2.26617389e-01 3.95966891e-09 2.69420813e-11
 2.62375948e-12]
74	2	[9.89604654e-01 9.08077813e-07 1.03944431e-02 7.56190120e-10
 8.92310548e-10]	[6.55817362e-03 6.53931823e-06 6.55959422e-03 5.80037406e-10
 8.22148283e-10]
74	3	[9.99949497e-01 2.98456267e-09 5.04230025e-05 7.88197940e-08
 1.75048024e-12]	[4.06439234e-05 4.73674856e-08 4.06054471e-05 4.38634236e-08
 6.66345917e-13]
74	4	[2.65504307e-01 1.00383246e-12 1.20870431e-13 3.96564803e-22
 7.34495672e-01]	[2.33023298e-01 1.97213664e-11 1.55717430e-12 4.91584684e-21
 2.33023292e-01]
75	1	[1.25672998e-01 8.74327000e-01 1.16509115e-10 3.35517242e-12
 1.40924240e-13]	[1.93810634e-01 1.93810630e-01 6.52391510e-10 1.31859722e-11
 2.93651117e-13]
75	2	[9.78959070e-01 1.63551932e-08 2.10409339e-02 3.70602684e-08
 1.21828093e-11]	[3.66653547e-02 2.15073845e-07 3.66653689e-02 1.65161578e-08
 3.39755731e-11]
75	3	[9.99983865e-01 1.59967462e-05 1.32789433e-07 6.82214727e-09
 1.35484657e-11]	[7.80431535e-06 7.80193641e-06 8.48525172e-08 2.81667598e-09
 1.05146857e-11]
75	4	[2.44877569e-02 1.23703564e-16 1.13252391e-10 2.64761593e-20
 9.75512235e-01]	[1.33585974e-01 2.00119699e-15 3.50351636e-09 8.01485127e-19
 1.33585970e-01]
76	1	[8.76623122e-02 9.12337656e-01 6.74740727e-10 3.81899113e-12
 4.29390352e-13]	[2.18499122e-01 2.18499115e-01 5.10916943e-09 1.97226989e-11
 1.40951551e-12]
76	2	[2.40214428e-01 7.27112825e-08 7.59785496e-01 2.99102026e-10
 6.00232041e-11]	[3.11516234e-01 2.12174624e-06 3.11516410e-01 5.11237885e-10
 7.40841997e-10]
76	3	[9.99995530e-01 6.42173589e-15 1.94207005e-09 4.46829586e-06
 3.62365144e-17]	[2.34761805e-06 5.02542119e-14 1.39462062e-09 2.34662748e-06
 7.24767696e-17]
76	4	[9.37640494e-01 7.96392340e-10 2.76711759e-09 8.31543720e-18
 6.23595164e-02]	[4.69967440e-02 2.50580524e-08 4.44665262e-08 1.70643460e-16
 4.69967454e-02]
77	1	[9.73970347e-02 9.02602980e-01 9.08040308e-10 3.10347733e-12
 1.72457359e-13]	[2.13429230e-01 2.13429238e-01 8.70329004e-09 1.80414352e-11
 5.21146196e-13]
77	2	[9.97800310e-01 2.04971557e-11 2.19958500e-03 9.01677043e-08
 1.56540161e-12]	[1.14402343e-03 4.80133744e-10 1.14399512e-03 2.84755799e-08
 6.91137649e-13]
77	4	[9.99950861e-01 4.81936392e-05 9.43671829e-07 4.98758791e-11
 1.02388724e-09]	[1.23741990e-05 1.24519172e-05 3.09091790e-07 3.54001280e-11
 4.20460732e-10]
78	1	[7.05739490e-02 9.29426069e-01 7.71600226e-10 2.24895010e-12
 3.04248823e-13]	[1.61583417e-01 1.61583421e-01 9.02868220e-09 2.43296665e-11
 1.20738839e-12]
78	2	[3.46996463e-01 1.07300809e-10 6.53003468e-01 1.59933392e-08
 3.01028492e-08]	[4.35686303e-01 1.72844058e-09 4.35686361e-01 1.24194501e-07
 1.01763812e-07]
78	3	[9.99108263e-01 3.93345384e-10 8.91599654e-04 1.36786718e-07
 7.10178028e-13]	[5.41916805e-04 1.19558950e-08 5.41883782e-04 5.16325732e-08
 4.35154312e-13]
78	4	[9.99963789e-01 2.39426241e-06 3.38090214e-05 2.77344436e-12
 7.18249115e-09]	[7.49942994e-04 4.78100159e-06 7.50031600e-04 2.25317461e-11
 1.01406947e-08]
79	1	[3.84499717e-01 6.15500272e-01 8.79647664e-09 2.86124611e-11
 1.90659023e-13]	[4.61276172e-01 4.61276177e-01 1.88695033e-07 6.12059819e-11
 7.65599633e-13]
79	2	[2.80334857e-01 4.18677876e-09 7.19665116e-01 8.47490307e-10
 2.34178768e-09]	[2.79135806e-01 4.07478594e-08 2.79135809e-01 1.47572767e-09
 4.84454558e-08]
79	4	[9.99961317e-01 3.71881810e-05 1.49345479e-06 5.99319752e-11
 7.61504176e-10]	[6.98975819e-06 7.05665549e-06 4.17107364e-07 4.53791210e-11
 2.86131011e-10]
80	1	[4.75143708e-01 5.24856279e-01 3.27791680e-10 3.66974698e-12
 4.39431966e-13]	[2.23321942e-01 2.23321934e-01 1.82353430e-09 7.27320307e-12
 3.12024733e-13]
80	2	[9.88912043e-01 1.83640701e-08 1.10879399e-02 5.10195221e-09
 3.72254437e-11]	[9.68698995e-03 1.62457424e-07 9.68701227e-03 2.73111193e-09
 2.37251675e-11]
80	3	[3.88849677e-02 1.48421445e-10 1.16084181e-10 9.61115006e-01
 1.07070496e-17]	[1.84183951e-01 4.68249247e-09 3.41617980e-09 1.84183950e-01
 3.38374825e-16]
80	4	[9.99975011e-01 2.40520453e-05 9.92267457e-07 3.37043142e-10
 8.05213853e-12]	[1.36643491e-04 1.36713498e-04 3.76430677e-07 1.64599634e-10
 4.78360900e-12]
81	1	[1.38351986e-01 8.61648025e-01 1.77898402e-09 4.23292917e-12
 3.63421500e-13]	[2.58969610e-01 2.58969621e-01 2.00632057e-08 2.05127894e-11
 1.04899201e-12]
81	2	[3.28652737e-02 7.91171817e-12 9.67134737e-01 8.25074222e-11
 2.44022349e-10]	[9.03469069e-02 1.67837778e-10 9.03469036e-02 1.74217084e-09
 1.92449799e-09]
81	3	[9.99990106e-01 9.80105810e-06 9.04148982e-08 6.37229533e-09
 7.16475209e-12]	[5.96969718e-06 5.95448183e-06 5.37561517e-08 2.34364290e-09
 6.22302729e-12]
81	4	[9.99215077e-01 7.84803647e-04 8.24824812e-08 5.39184090e-10
 5.21065586e-12]	[9.22779287e-03 9.22779664e-03 1.39419151e-07 5.82755737e-09
 1.70425388e-12]
82	1	[2.48634433e-01 7.51365577e-01 5.61426717e-10 7.54567758e-12
 3.00284012e-13]	[3.38037587e-01 3.38037612e-01 4.37674544e-09 2.21966747e-11
 5.75079688e-13]
82	2	[9.91564176e-01 3.51939761e-12 8.43573530e-03 9.05452911e-08
 4.21378534e-12]	[4.84138628e-03 4.52076025e-11 4.84135606e-03 4.21095916e-08
 1.16783176e-12]
82	3	[9.99995944e-01 1.22773038e-14 9.19993177e-10 4.05576080e-06
 1.97162093e-17]	[2.07763535e-06 1.27154106e-13 1.06454192e-09 2.07778528e-06
 4.36267648e-17]
82	4	[9.98838058e-01 1.16180218e-03 8.14690404e-08 2.42806384e-10
 1.12756397e-11]	[7.88662332e-03 7.88663300e-03 2.30477639e-08 7.35119622e-11
 3.59653763e-11]
83	1	[9.70270284e-02 9.02972960e-01 2.43358490e-10 1.14979153e-12
 1.56758137e-13]	[2.04839800e-01 2.04839805e-01 3.00990263e-09 6.40461858e-12
 3.53229516e-13]
83	2	[9.91068235e-01 2.23799566e-13 8.93159959e-03 1.68369865e-07
 1.42612889e-12]	[4.47416772e-03 3.57832343e-12 4.47413635e-03 5.76767730e-08
 7.11461996e-13]
83	4	[9.99958390e-01 4.00424787e-05 1.56593021e-06 1.41415391e-09
 2.84286640e-10]	[1.12267024e-05 1.08455643e-05 1.07418960e-06 7.37651324e-10
 1.74459984e-10]
84	1	[5.05643255e-02 9.49435625e-01 1.44248140e-08 2.90993809e-12
 1.63056140e-14]	[2.08081263e-01 2.08081318e-01 4.43338336e-07 2.41410740e-11
 1.20763342e-13]
84	2	[8.46534730e-01 1.53163596e-08 1.53465264e-01 2.98453479e-09
 2.59005085e-11]	[9.71136391e-02 2.35085519e-07 9.71136668e-02 1.51812082e-09
 9.61795079e-12]
84	4	[2.91479353e-03 9.05734525e-21 7.08655699e-16 8.71852987e-27
 9.97085187e-01]	[5.27425460e-02 1.67745508e-19 2.23948855e-14 2.75565397e-25
 5.27425455e-02]
85	2	[9.95880236e-01 1.60527208e-07 4.11950435e-03 1.01073813e-07
 9.13949472e-13]	[3.20454684e-03 3.60156892e-06 3.20470306e-03 6.50424420e-08
 3.73238855e-13]
85	4	[7.54509418e-01 3.07763288e-13 4.31878467e-09 3.63520996e-18
 2.45490540e-01]	[1.57623067e-01 4.20560940e-12 9.61648373e-08 7.96150591e-17
 1.57623077e-01]
86	1	[1.29767508e-01 8.70232473e-01 1.44177976e-09 2.33421774e-11
 4.18537146e-13]	[2.86658146e-01 2.86658138e-01 1.23827623e-08 1.13110282e-10
 1.16150378e-12]
86	2	[9.99407143e-01 4.15284771e-11 5.92830461e-04 4.27338153e-08
 5.34783418e-12]	[3.29227576e-04 2.77977197e-10 3.29212355e-04 2.00924679e-08
 2.07746826e-12]
86	3	[9.99990196e-01 9.69448301e-06 9.28428810e-08 4.66350768e-09
 5.83932120e-12]	[4.78084235e-05 4.78119766e-05 4.20762719e-08 1.60109335e-09
 3.88404385e-12]
86	4	[7.91183927e-01 2.38241819e-11 1.69140203e-08 2.17098179e-19
 2.08816069e-01]	[1.45968514e-01 5.05433719e-10 2.35294867e-07 2.29425213e-18
 1.45968553e-01]
87	1	[5.54625191e-01 4.45374806e-01 4.73446155e-11 2.12483581e-12
 1.28751115e-13]	[2.51162566e-01 2.51162560e-01 1.15691496e-10 5.75333712e-12
 1.58188600e-13]
87	2	[8.67663666e-01 3.49910481e-07 1.32335984e-01 6.56731114e-10
 6.74452063e-10]	[1.24539981e-01 6.71963645e-06 1.24540352e-01 6.16953769e-10
 5.97288228e-09]
87	3	[2.12575173e-02 1.73786336e-20 5.07714409e-18 9.78742537e-01
 2.72416591e-25]	[8.45729772e-02 3.71758705e-19 7.93438427e-17 8.45729944e-02
 5.28016052e-24]
87	4	[9.99961629e-01 3.76938966e-05 6.72963630e-07 1.14402362e-10
 2.90114442e-10]	[1.29070131e-05 1.29033283e-05 2.46545031e-07 9.79520562e-11
 1.29523893e-10]
88	1	[5.43941876e-02 9.45605783e-01 1.64320742e-09 1.53448767e-12
 2.57569840e-14]	[1.88770101e-01 1.88770104e-01 2.84246952e-08 1.07305055e-11
 1.38745611e-13]
88	2	[9.90952835e-01 1.96555096e-13 9.04700624e-03 1.60734159e-07
 9.57690890e-13]	[4.34029108e-03 4.83332437e-12 4.34027171e-03 5.27449126e-08
 4.91576471e-13]
88	3	[9.99990817e-01 6.63671473e-14 7.37348937e-10 9.18312092e-06
 9.33145872e-18]	[4.53029019e-06 2.02156364e-12 6.69668175e-10 4.52846328e-06
 1.82690675e-17]
88	4	[9.99814414e-01 1.81628375e-04 3.87881614e-06 8.72139530e-08
 5.97355506e-09]	[9.70126878e-05 9.41122927e-05 3.06517825e-06 8.57380127e-08
 7.28096253e-09]
89	1	[3.26296557e-02 9.67370381e-01 3.94688354e-10 1.84943923e-12
 3.93841705e-14]	[1.49213059e-01 1.49213068e-01 7.45054135e-09 2.19069446e-11
 2.53982432e-13]
89	2	[1.12598953e-01 7.77639403e-07 8.87400257e-01 1.73521553e-10
 8.78310895e-11]	[2.47757054e-01 1.82086352e-05 2.47759833e-01 5.03402345e-10
 3.29697060e-10]
89	3	[9.99995436e-01 2.96647785e-11 5.74379305e-10 4.56422441e-06
 2.33306420e-17]	[1.92126844e-06 8.05280198e-10 8.65062168e-10 1.92146359e-06
 6.73232370e-17]
89	4	[9.99955790e-01 4.10919436e-05 3.11737145e-06 2.13150696e-09
 6.61713319e-10]	[1.00459079e-05 9.47728914e-06 1.53970939e-06 1.07445702e-09
 3.90544233e-10]
90	1	[2.44375561e-01 7.55624425e-01 1.70562746e-09 2.12525436e-11
 1.85499407e-12]	[2.69076106e-01 2.69076101e-01 5.92337594e-09 7.80403315e-11
 2.33425265e-12]
90	2	[9.85953297e-01 1.35751578e-07 1.40465713e-02 1.23967223e-09
 6.02549865e-10]	[1.07530245e-02 2.71270520e-06 1.07531948e-02 7.93096815e-10
 1.30711637e-09]
90	3	[9.99905603e-01 2.36629811e-09 9.43688040e-05 4.06406227e-08
 1.49045871e-12]	[1.16102881e-04 1.86795999e-08 1.16083057e-04 2.51957374e-08
 6.55067849e-13]
90	4	[9.99997923e-01 7.45038433e-09 8.28775536e-12 9.01498025e-20
 2.08379622e-06]	[9.57033647e-06 8.97658331e-08 1.28950677e-10 1.34878703e-18
 9.57007079e-06]
91	1	[9.96010305e-01 3.98971535e-03 1.99806398e-09 6.00143549e-11
 9.70365453e-14]	[4.56547623e-02 4.56547593e-02 7.11673606e-09 8.21419396e-11
 1.28920487e-13]
91	2	[9.73056395e-01 1.17484972e-09 8.89675241e-03 1.80468511e-02
 3.96117530e-15]	[9.22414000e-02 1.85358494e-08 9.15944786e-02 2.09524953e-02
 7.83530299e-14]
91	3	[1.64677713e-01 1.72041182e-07 2.67639199e-06 8.35319439e-01
 7.62457025e-14]	[3.44417620e-01 4.73632659e-06 8.38366784e-05 3.44424518e-01
 2.24455961e-12]
91	4	[9.99940810e-01 5.85810312e-05 6.03016437e-07 5.56687677e-11
 1.08297816e-09]	[1.76226571e-05 1.76640084e-05 1.74521944e-07 3.30927236e-11
 4.57451542e-10]
92	1	[4.20819908e-01 5.79180077e-01 1.33739573e-08 5.61742656e-11
 4.10863108e-12]	[4.49453634e-01 4.49453621e-01 6.25026101e-08 2.02932721e-10
 4.88406398e-12]
92	2	[9.90240988e-01 1.44365957e-06 9.75756937e-03 1.69047459e-09
 1.06195595e-10]	[5.12795919e-02 9.54151908e-06 5.12798657e-02 2.78739261e-09
 5.01106203e-10]
92	3	[9.99976292e-01 2.36438085e-05 7.26322007e-08 5.77520297e-09
 7.51461522e-12]	[1.88011963e-05 1.88079052e-05 7.03499078e-08 2.79209435e-09
 9.31037168e-12]
92	4	[9.97718606e-01 2.88017995e-11 2.27995673e-03 4.79777345e-12
 1.36027335e-06]	[1.71494246e-02 8.15134432e-10 1.71495005e-02 7.07722986e-11
 3.62146715e-05]
93	1	[9.29849021e-01 7.01509846e-02 2.05996974e-10 5.96035550e-12
 5.74957048e-14]	[4.88658225e-02 4.88658198e-02 1.17225076e-09 1.59316635e-11
 1.57044802e-13]
93	2	[9.99975614e-01 1.57272040e-05 8.65744013e-06 1.84084977e-09
 2.45109420e-10]	[1.01528246e-05 1.02781755e-05 3.72808720e-06 9.91914827e-10
 1.21915400e-10]
93	3	[9.99999882e-01 7.66096129e-08 3.97771804e-08 4.28927293e-08
 2.24173491e-13]	[5.19155238e-07 5.08619237e-07 3.00003666e-08 1.91993835e-08
 5.19142514e-13]
93	4	[9.68202290e-01 6.00294679e-08 3.17974573e-02 2.76617204e-07
 6.48973805e-13]	[5.89672986e-03 4.29146666e-07 5.89701889e-03 6.18245294e-08
 2.70050558e-12]
94	1	[7.68579119e-02 9.23142087e-01 1.41962342e-10 1.44429649e-12
 2.74773720e-13]	[1.80300461e-01 1.80300465e-01 1.42643801e-09 1.40487788e-11
 6.51659543e-13]
94	2	[9.99800260e-01 1.99586385e-04 1.26466381e-07 1.28739101e-09
 7.82218096e-12]	[5.49877256e-03 5.49877574e-03 2.88483387e-08 2.94996330e-10
 1.87037749e-12]
94	3	[9.99993098e-01 2.55573028e-14 8.15894203e-10 6.90437510e-06
 1.35425504e-17]	[3.66515817e-06 5.85298406e-13 9.38815345e-10 3.66438353e-06
 4.81404876e-17]
94	4	[9.99873379e-01 1.24326351e-04 2.34962830e-06 1.59433718e-11
 8.55753113e-11]	[8.76399704e-05 8.79491806e-05 9.61533991e-07 1.27097654e-11
 1.35328430e-09]
95	1	[1.81996853e-01 8.18003125e-01 1.70628220e-09 5.28805187e-12
 2.48891509e-13]	[2.32669360e-01 2.32669359e-01 3.39717936e-08 2.06396001e-11
 5.62858166e-13]
95	2	[9.97848855e-01 2.23769114e-11 2.15106253e-03 6.67012815e-08
 3.84674155e-12]	[1.15899829e-03 2.80491636e-10 1.15896180e-03 2.53192874e-08
 1.01132940e-12]
95	3	[9.99852235e-01 5.66882453e-10 1.47672697e-04 7.83699878e-08
 2.80211230e-12]	[1.32134586e-04 8.73029180e-09 1.32114535e-04 3.19560893e-08
 1.11432284e-12]
95	4	[9.99769824e-01 5.05307489e-09 4.02776028e-13 2.69218358e-20
 2.30198420e-04]	[1.00747518e-03 3.96016364e-08 3.32357972e-12 2.08403461e-19
 1.00747575e-03]
96	1	[2.78356427e-02 9.72164359e-01 4.94386151e-11 6.51925782e-13
 3.42419849e-14]	[1.19046557e-01 1.19046557e-01 1.12248565e-09 7.20426298e-12
 2.52147902e-13]
96	2	[9.99996444e-01 1.99506062e-08 3.53960656e-06 4.03376124e-09
 1.66903977e-12]	[2.14888793e-06 1.63240479e-07 2.16037779e-06 2.96744082e-09
 2.03181583e-12]
96	3	[4.87552839e-03 3.49529045e-21 1.31393408e-13 9.95124497e-01
 8.59601681e-25]	[5.23445174e-02 1.09698534e-19 3.75565894e-12 5.23445215e-02
 1.43318468e-23]
96	4	[9.98783133e-01 1.21592315e-03 9.35149243e-07 1.60162471e-10
 1.02156809e-10]	[1.06143670e-02 1.06144507e-02 8.09406840e-06 2.89981874e-10
 1.83425811e-10]
97	1	[9.99907410e-01 9.24375944e-05 1.48307599e-07 5.72660413e-10
 9.09418878e-11]	[2.36860699e-04 2.36866360e-04 5.10369879e-08 2.33250400e-10
 4.23585414e-11]
97	2	[9.99992384e-01 2.40904983e-06 5.21281824e-06 2.86215908e-09
 4.76594000e-12]	[6.15603548e-05 6.16434311e-05 3.55868134e-06 2.26037052e-09
 3.93830850e-12]
97	3	[9.99981874e-01 4.03040689e-15 3.27661006e-10 1.81230515e-05
 5.01675717e-18]	[1.00463290e-05 4.45222819e-14 5.20315642e-10 1.00461856e-05
 2.94983902e-17]
97	4	[9.99948334e-01 3.97897432e-05 1.18726526e-05 3.89990598e-09
 1.43535401e-09]	[9.65885952e-06 7.38373537e-06 4.02987371e-06 1.56478976e-09
 6.18012356e-10]
98	1	[1.75278897e-01 8.24721112e-01 4.02158321e-09 1.90561054e-11
 2.14718338e-12]	[3.22357897e-01 3.22357910e-01 3.69346790e-08 8.81751295e-11
 1.27788387e-11]
98	2	[9.99996536e-01 2.97682623e-06 4.87939132e-07 1.32102867e-09
 5.78187658e-12]	[1.30820992e-05 1.30701615e-05 2.62243711e-07 1.02083387e-09
 6.36169620e-12]
98	4	[9.99965493e-01 3.10567010e-05 3.44694681e-06 1.81707896e-09
 4.87552855e-10]	[8.77050279e-06 7.97101039e-06 1.88942263e-06 1.12715875e-09
 2.81284170e-10]
99	1	[1.14873492e-01 8.85126491e-01 3.73005135e-08 9.94930229e-13
 2.30816520e-13]	[2.20584280e-01 2.20584441e-01 4.38492040e-07 4.91858204e-12
 8.09008509e-13]
99	2	[9.98036128e-01 6.07051444e-12 1.93656651e-03 2.72857996e-05
 7.81171818e-14]	[3.92191566e-02 9.39763374e-11 3.92165978e-02 5.53327820e-04
 1.11787150e-12]
99	3	[9.99985165e-01 1.47290827e-05 9.65737295e-08 3.49468404e-09
 7.50087210e-12]	[8.69249655e-06 8.69672442e-06 4.36370294e-08 1.70284382e-09
 5.49420155e-12]
99	4	[9.80602240e-01 6.49015326e-13 1.62694159e-15 1.49619659e-23
 1.93977626e-02]	[9.72864139e-02 1.32888174e-11 3.59948340e-14 3.61609679e-22
 9.72864165e-02]
