Seed	Class	Mean	Std
0	1	[1.58815453e-01 8.41184539e-01 9.80902232e-10 4.64207175e-12
 4.58377653e-13]	[2.49666933e-01 2.49666924e-01 8.46829739e-09 1.53930207e-11
 9.02935669e-13]
0	2	[9.95435330e-01 1.24921410e-14 4.56452950e-03 1.44711237e-07
 2.62662917e-13]	[1.99126306e-03 1.86013159e-13 1.99125079e-03 4.07863943e-08
 1.32378362e-13]
0	3	[9.97961284e-01 1.61399205e-11 2.03848267e-03 2.28419657e-07
 3.02379439e-13]	[1.52873505e-03 4.82730562e-10 1.52868477e-03 9.29628587e-08
 1.64969185e-13]
0	4	[8.72338896e-01 6.99171876e-13 7.67035457e-09 3.08138019e-17
 1.27661101e-01]	[7.43644264e-02 1.22043505e-11 2.39781885e-07 9.50778209e-16
 7.43644353e-02]
1	1	[2.75673980e-02 9.72432622e-01 5.12627709e-12 3.28932963e-14
 2.23308278e-15]	[1.19591336e-01 1.19591338e-01 9.48222746e-11 3.60499915e-13
 1.50457886e-14]
1	2	[9.87544431e-01 2.14933721e-12 1.24553956e-02 1.67449223e-07
 2.34310219e-12]	[5.64196835e-03 6.01893374e-11 5.64195240e-03 5.35751775e-08
 8.96376865e-13]
1	3	[9.99992712e-01 7.88464249e-14 1.16934278e-09 7.28857526e-06
 2.58885288e-17]	[3.36640026e-06 2.29212610e-12 1.31257287e-09 3.36389582e-06
 1.63084314e-16]
1	4	[3.58197775e-03 4.83570023e-21 5.22298073e-13 5.73583359e-24
 9.96418047e-01]	[4.57404812e-02 1.01423203e-19 9.77007218e-12 1.48724933e-22
 4.57404844e-02]
2	1	[1.00774276e-01 8.99225458e-01 2.80753216e-07 2.36524936e-12
 2.76440795e-13]	[2.11026379e-01 2.11027580e-01 6.54061085e-06 1.06179884e-11
 1.00426652e-12]
2	2	[9.99943660e-01 4.03756855e-05 1.59885230e-05 1.41267257e-09
 1.04798243e-11]	[3.42692495e-04 3.43248983e-04 2.99030973e-05 6.20148145e-10
 8.28172708e-12]
2	3	[3.15748017e-03 5.56706477e-20 6.54237952e-16 9.96842476e-01
 8.73969239e-24]	[4.68022835e-02 1.75916667e-18 1.93076412e-14 4.68022821e-02
 2.75519470e-22]
2	4	[9.99842362e-01 2.88883125e-11 2.79349921e-12 1.38755624e-19
 1.57590002e-04]	[1.19260745e-03 6.90765831e-10 4.08672054e-11 4.33726903e-18
 1.19261093e-03]
3	1	[9.64493462e-01 3.55065369e-02 2.85185135e-08 4.15794385e-11
 5.94079897e-13]	[1.15903743e-01 1.15903749e-01 1.00184316e-07 9.76075161e-11
 4.37954172e-13]
3	2	[1.12160090e-01 4.34358925e-08 8.87825061e-01 1.48163353e-05
 3.57731282e-09]	[2.31631625e-01 1.33439578e-06 2.31688039e-01 4.67567795e-04
 4.52874365e-08]
3	3	[9.99995741e-01 4.23264103e-06 5.06076637e-08 5.84393880e-09
 2.49453087e-12]	[2.13285742e-06 2.10936152e-06 2.24715340e-08 1.91646051e-09
 2.49888096e-12]
3	4	[9.99999429e-01 1.55420824e-07 4.10237436e-07 9.16369248e-14
 1.05501937e-08]	[7.80405482e-06 6.93238980e-07 7.76009076e-06 1.62010263e-12
 5.67325421e-08]
4	1	[1.45748708e-01 8.54251298e-01 1.55418420e-09 2.10975772e-11
 8.61102582e-13]	[2.76828647e-01 2.76828653e-01 8.65057283e-09 1.12961512e-10
 1.97072557e-12]
4	2	[9.99891365e-01 1.07299276e-04 1.33432051e-06 1.47655649e-09
 1.99152456e-11]	[1.95673032e-03 1.95679114e-03 7.60213427e-07 5.30889903e-10
 2.06814899e-11]
4	3	[2.62782883e-01 2.24341842e-15 4.07521778e-15 7.37217122e-01
 7.15733696e-22]	[4.35383306e-01 4.92548318e-14 9.04077435e-14 4.35383300e-01
 1.58733381e-20]
4	4	[9.98225787e-01 1.03831708e-11 1.71646524e-10 3.04115857e-18
 1.77425644e-03]	[1.91408614e-02 1.93762920e-10 2.27308377e-09 6.66047781e-17
 1.91408625e-02]
