Seed	Class	Train Time
0	1	12.981498956680298
0	2	23.66645884513855
0	3	23.325501918792725
0	4	23.31000018119812
1	1	17.293999671936035
1	2	23.41252040863037
1	3	23.066500425338745
1	4	23.241496324539185
2	1	12.655546188354492
2	2	20.94049882888794
2	3	23.633500576019287
2	4	23.519999265670776
3	1	17.370999097824097
3	2	15.95000147819519
3	3	23.41899847984314
3	4	23.702500104904175
4	1	10.719001054763794
4	2	23.45299792289734
4	3	23.49600052833557
4	4	23.647499322891235
5	1	7.20949912071228
5	2	23.11850094795227
5	3	23.389999628067017
5	4	23.40800142288208
6	1	6.185501575469971
6	2	20.085000038146973
6	3	23.727499961853027
6	4	23.667969226837158
7	1	13.729999780654907
7	2	23.405000686645508
7	3	23.50249719619751
7	4	23.41649627685547
8	1	12.344998598098755
8	2	23.40600275993347
8	3	23.418501377105713
8	4	23.473501205444336
9	1	1.78049898147583
9	2	7.829996585845947
9	3	23.79300045967102
9	4	23.754000425338745
10	1	1.663503885269165
10	2	25.014999389648438
10	3	25.048501014709473
10	4	25.1085467338562
11	1	12.095496416091919
11	2	24.9585018157959
11	3	24.93849754333496
11	4	25.16450047492981
12	1	4.742499828338623
12	2	24.991698741912842
12	3	25.080499172210693
12	4	25.01300024986267
13	1	18.326000452041626
13	2	24.907994508743286
13	3	25.03600025177002
13	4	25.212499856948853
14	1	7.815500736236572
14	2	25.598499536514282
14	3	27.25800085067749
14	4	25.082000017166138
15	1	4.1765031814575195
15	2	10.222002983093262
15	3	25.103504180908203
15	4	25.137499809265137
16	1	1.223501205444336
16	2	24.775999546051025
16	3	24.744499444961548
16	4	24.97899866104126
17	1	1.4115030765533447
17	2	25.30500054359436
17	3	25.183001041412354
17	4	25.068504333496094
18	1	2.7384979724884033
18	2	24.945000648498535
18	3	25.026002168655396
18	4	24.833000659942627
19	1	13.311001300811768
19	2	24.783500909805298
19	3	24.83050036430359
19	4	24.987500429153442
20	1	7.843502998352051
20	2	25.151498079299927
20	3	25.263499975204468
20	4	25.19450044631958
21	1	15.887501955032349
21	2	25.071998119354248
21	3	25.296502113342285
21	4	25.00649642944336
22	1	6.012500047683716
22	2	25.3394992351532
22	3	24.988998889923096
22	4	24.808504104614258
23	1	13.353503465652466
23	2	25.145000457763672
23	3	24.968502283096313
23	4	24.98749589920044
24	1	6.300497055053711
24	2	15.451499938964844
24	3	25.34149742126465
24	4	24.999000787734985
25	1	4.422455787658691
25	2	25.422499656677246
25	3	25.198999166488647
25	4	25.263499975204468
26	1	3.7870004177093506
26	2	25.246000051498413
26	3	25.467499256134033
26	4	25.332000017166138
27	1	16.224003076553345
27	2	25.545500993728638
27	3	25.417997360229492
27	4	25.65999960899353
28	1	3.1659998893737793
28	2	25.507499933242798
28	3	25.48299789428711
28	4	25.71100091934204
29	1	3.955000877380371
29	2	25.5310001373291
29	3	14.367002725601196
29	4	25.457000494003296
30	1	2.2935001850128174
30	2	25.575999975204468
30	3	25.749999523162842
30	4	25.55000114440918
31	1	18.577502727508545
31	2	25.356998205184937
31	3	25.441997289657593
31	4	25.447999954223633
32	1	5.098999738693237
32	2	25.490997314453125
32	3	25.593497037887573
32	4	25.358997583389282
33	1	18.522500038146973
33	2	25.614997625350952
33	3	25.561500549316406
33	4	25.644001960754395
34	1	2.063002824783325
34	2	25.561999320983887
34	3	25.501502752304077
34	4	25.551503896713257
35	1	5.992499828338623
35	2	25.562000274658203
35	3	25.409000158309937
35	4	25.49799942970276
36	1	4.942500114440918
36	2	25.447997331619263
36	3	27.53250241279602
36	4	25.47350001335144
37	1	2.905001163482666
37	2	25.308000087738037
37	3	25.428502559661865
37	4	25.545999765396118
38	1	7.342002868652344
38	2	25.40749716758728
38	3	25.509999990463257
38	4	25.54699993133545
39	1	6.405500173568726
39	2	25.611499786376953
39	3	25.549500226974487
39	4	25.501498699188232
40	1	11.140000343322754
40	2	25.471000909805298
40	3	25.40399742126465
40	4	25.568999528884888
41	1	5.390000581741333
41	2	25.43049907684326
41	3	25.510501861572266
41	4	24.36499786376953
42	1	2.6185033321380615
42	2	23.910499811172485
42	3	23.81350016593933
42	4	23.642500638961792
43	1	1.7275002002716064
43	2	23.74899983406067
43	3	23.692999124526978
43	4	23.664002656936646
44	1	1.559999942779541
44	2	13.583495616912842
44	3	23.74550223350525
44	4	23.72249960899353
45	1	5.3429975509643555
45	2	7.675002574920654
45	3	23.880000591278076
45	4	23.714500427246094
46	1	4.4850029945373535
46	2	23.7760009765625
46	3	23.693501949310303
46	4	23.7739999294281
47	1	6.843000888824463
47	2	23.630499839782715
47	3	23.86049795150757
47	4	23.856499671936035
48	1	3.7335004806518555
48	2	21.196505784988403
48	3	23.931504726409912
48	4	23.53000235557556
49	1	13.766999959945679
49	2	23.67650032043457
49	3	23.737998008728027
49	4	23.80350089073181
50	1	2.7939975261688232
50	2	23.819997310638428
50	3	13.457000255584717
50	4	23.707499980926514
51	1	6.79350209236145
51	2	23.716500997543335
51	3	23.878498077392578
51	4	23.769500017166138
52	1	4.212002992630005
52	2	23.706496715545654
52	3	23.886003017425537
52	4	23.76349925994873
53	1	5.46149754524231
53	2	23.740999937057495
53	3	23.567503213882446
53	4	23.630499601364136
54	1	2.813499689102173
54	2	23.66600012779236
54	3	23.791999340057373
54	4	9.172504186630249
55	1	3.0495004653930664
55	2	23.757999658584595
55	3	23.845997095108032
55	4	23.572997570037842
56	1	4.488500356674194
56	2	23.740001916885376
56	3	23.753501653671265
56	4	23.59900212287903
57	1	2.701002597808838
57	2	23.807501316070557
57	3	23.78349995613098
57	4	23.634498596191406
58	1	5.582504749298096
58	2	17.16650104522705
58	3	23.554502725601196
58	4	23.58999991416931
59	1	4.137000322341919
59	2	23.608999967575073
59	3	23.780499935150146
59	4	23.819499731063843
60	1	5.524500131607056
60	2	23.77299737930298
60	3	23.78700017929077
60	4	23.71549916267395
61	1	2.0475001335144043
61	2	23.7645001411438
61	3	23.64650058746338
61	4	23.608002424240112
62	1	3.0914995670318604
62	2	23.618496656417847
62	3	23.778499841690063
62	4	23.622002601623535
63	1	4.818497657775879
63	2	6.021498680114746
63	3	33.3904972076416
63	4	23.50350284576416
64	1	1.845000982284546
64	2	23.797502279281616
64	3	23.724497079849243
64	4	23.77499771118164
65	1	6.280501842498779
65	2	23.73699975013733
65	3	23.573002815246582
65	4	23.723000049591064
66	1	15.25350046157837
66	2	23.869001150131226
66	3	23.830995559692383
66	4	23.76600217819214
67	1	1.5910027027130127
67	2	17.712997436523438
67	3	23.858500003814697
67	4	23.830999851226807
68	1	17.49049735069275
68	2	23.951500177383423
68	3	23.83149528503418
68	4	23.840497493743896
69	1	6.469500780105591
69	2	23.711499452590942
69	3	23.825499773025513
69	4	23.80500030517578
70	1	7.086502313613892
70	2	23.721498012542725
70	3	23.9069983959198
70	4	23.702999353408813
71	1	4.150996923446655
71	2	21.940499782562256
71	3	9.588000297546387
71	4	23.867496967315674
72	1	3.7690019607543945
72	2	23.714500427246094
72	3	23.808499813079834
72	4	23.49499750137329
73	1	3.7184977531433105
73	2	23.818500995635986
73	3	23.85499930381775
73	4	23.828999757766724
74	1	2.8950014114379883
74	2	23.361501932144165
74	3	23.002501249313354
74	4	22.510998487472534
75	1	5.467504262924194
75	2	22.822000741958618
75	3	22.778000116348267
75	4	22.662498474121094
76	1	12.897998332977295
76	2	22.677000522613525
76	3	22.82550048828125
76	4	22.741498708724976
77	1	4.30550217628479
77	2	22.491499423980713
77	3	22.697500705718994
77	4	22.685999631881714
78	1	8.59850025177002
78	2	5.387000560760498
78	3	22.888999223709106
78	4	22.632001161575317
79	1	4.991000652313232
79	2	22.77249836921692
79	3	22.834499835968018
79	4	22.636001586914062
80	1	16.934503316879272
80	2	22.910500526428223
80	3	2.7910048961639404
80	4	22.565000772476196
81	1	7.237500190734863
81	2	22.944499731063843
81	3	22.690499782562256
81	4	22.720500230789185
82	1	3.226504325866699
82	2	22.859501838684082
82	3	22.888999223709106
82	4	22.856500148773193
83	1	3.770998954772949
83	2	22.583500385284424
83	3	22.597001791000366
83	4	22.60449981689453
84	1	2.355499505996704
84	2	23.044499397277832
84	3	22.627501010894775
84	4	22.721001625061035
85	1	16.811504364013672
85	2	22.611004114151
85	3	22.843499183654785
85	4	22.523003339767456
86	1	1.8899991512298584
86	2	22.536000967025757
86	3	22.891000032424927
86	4	22.88450002670288
87	1	16.99300241470337
87	2	22.851499557495117
87	3	12.539499282836914
87	4	22.9909987449646
88	1	1.7160041332244873
88	2	22.894999742507935
88	3	22.93049955368042
88	4	22.72999930381775
89	1	5.390999794006348
89	2	22.785995483398438
89	3	22.778498649597168
89	4	22.578502893447876
90	1	3.444000244140625
90	2	22.73099994659424
90	3	22.780498266220093
90	4	22.50950026512146
91	1	17.040998220443726
91	2	22.37649631500244
91	3	5.424499750137329
91	4	22.426997423171997
92	1	4.048000335693359
92	2	22.77049970626831
92	3	22.43995714187622
92	4	22.58200192451477
93	1	16.846002340316772
93	2	22.602998971939087
93	3	22.970500469207764
93	4	22.416000604629517
94	1	5.9690001010894775
94	2	22.80349612236023
94	3	22.625500440597534
94	4	22.791000366210938
95	1	9.533002614974976
95	2	22.922000646591187
95	3	22.57799983024597
95	4	22.790497541427612
96	1	4.362498760223389
96	2	22.72499990463257
96	3	3.4715003967285156
96	4	22.731501579284668
97	1	16.788001537322998
97	2	22.790500164031982
97	3	22.920497179031372
97	4	22.49049997329712
98	1	2.750499963760376
98	2	22.71799945831299
98	3	22.759003400802612
98	4	22.53900122642517
99	1	5.535000562667847
99	2	22.626500368118286
99	3	22.890000581741333
99	4	22.83499836921692
