Seed	Class	Train Time
0	1	32.95260810852051
0	2	32.358603954315186
0	3	1.087003469467163
0	4	27.92358946800232
1	1	32.125102043151855
1	2	32.86810517311096
1	3	1.1745052337646484
1	4	28.194090366363525
2	1	32.10760283470154
2	2	32.62860107421875
2	3	1.0965030193328857
2	4	28.040590047836304
3	1	32.130101680755615
3	2	33.22410607337952
3	3	1.1265034675598145
3	4	27.764589071273804
4	1	32.09759998321533
4	2	32.77660584449768
4	3	1.1040034294128418
4	4	28.259592294692993
5	1	32.34209132194519
5	2	33.055076360702515
5	3	1.113501787185669
5	4	28.09756302833557
6	1	32.28457498550415
6	2	32.65307688713074
6	3	1.7570030689239502
6	4	27.953064680099487
7	1	31.886070251464844
7	2	32.75457453727722
7	3	1.1085026264190674
7	4	28.029065370559692
8	1	32.17557430267334
8	2	33.24157738685608
8	3	1.1420018672943115
8	4	28.155064582824707
9	1	32.320075035095215
9	2	33.084577322006226
9	3	1.1235029697418213
9	4	28.594566822052002
10	1	34.44807767868042
10	2	34.50559949874878
10	3	1.1500024795532227
10	4	30.521570682525635
11	1	34.51557946205139
11	2	33.839576721191406
11	3	1.15350341796875
11	4	29.57906723022461
12	1	33.72607755661011
12	2	35.773568630218506
12	3	1.1310019493103027
12	4	32.28404974937439
13	1	35.20155644416809
13	2	34.953057289123535
13	3	1.156001329421997
13	4	29.5375497341156
14	1	34.345555782318115
14	2	35.00105547904968
14	3	1.2145018577575684
14	4	29.709047317504883
15	1	34.02305459976196
15	2	34.69605565071106
15	3	1.164003849029541
15	4	29.759048223495483
16	1	34.296056270599365
16	2	34.75355577468872
16	3	1.1649999618530273
16	4	29.659048080444336
17	1	34.070058822631836
17	2	34.69255447387695
17	3	1.1780023574829102
17	4	29.624547004699707
18	1	34.08805203437805
18	2	35.48955726623535
18	3	1.1185011863708496
18	4	29.93854784965515
19	1	33.916555881500244
19	2	34.332043409347534
19	3	1.129002571105957
19	4	29.390034675598145
20	1	33.89254093170166
20	2	34.70854163169861
20	3	1.1310014724731445
20	4	29.36503529548645
21	1	34.564541816711426
21	2	35.30254340171814
21	3	1.1405012607574463
21	4	29.752535820007324
22	1	34.57054138183594
22	2	34.79354190826416
22	3	1.1544983386993408
22	4	29.63153624534607
23	1	33.13454031944275
23	2	33.68804121017456
23	3	1.1150014400482178
23	4	27.92253351211548
24	1	32.531038761138916
24	2	31.87703847885132
24	3	1.1730003356933594
24	4	27.59903335571289
25	1	30.969890117645264
25	2	31.68641710281372
25	3	1.1215503215789795
25	4	27.213716745376587
26	1	31.110869884490967
26	2	32.01943802833557
26	3	1.143049716949463
26	4	27.1237154006958
27	1	30.721874952316284
27	2	31.618417024612427
27	3	1.1700525283813477
27	4	27.067709922790527
28	1	30.85238218307495
28	2	31.36140489578247
28	3	1.1200506687164307
28	4	26.925708770751953
29	1	30.790879011154175
29	2	31.55091381072998
29	3	1.1200506687164307
29	4	27.00270962715149
30	1	30.835381269454956
30	2	31.514872312545776
30	3	1.119537353515625
30	4	27.07440185546875
31	1	30.669023275375366
31	2	31.277042627334595
31	3	1.13554048538208
31	4	27.025901556015015
32	1	31.15803861618042
32	2	31.223038911819458
32	3	1.113537073135376
32	4	26.931899309158325
33	1	30.7120258808136
33	2	31.46054768562317
33	3	1.10003662109375
33	4	26.953396320343018
34	1	30.6080219745636
34	2	31.444048643112183
34	3	1.1770377159118652
34	4	26.904395580291748
35	1	30.881528854370117
35	2	31.359044313430786
35	3	1.1190361976623535
35	4	26.80939221382141
36	1	30.943532943725586
36	2	31.436047554016113
36	3	1.1165382862091064
36	4	26.87189483642578
37	1	30.813526153564453
37	2	31.43654775619507
37	3	1.144538164138794
37	4	27.062901496887207
38	1	30.70402216911316
38	2	31.377044677734375
38	3	1.122537612915039
38	4	27.011396884918213
39	1	30.747769117355347
39	2	31.404284954071045
39	3	1.1625292301177979
39	4	26.99067449569702
40	1	30.763769388198853
40	2	31.494787454605103
40	3	1.1310276985168457
40	4	27.107677936553955
41	1	31.199779748916626
41	2	31.456785440444946
41	3	1.103527545928955
41	4	27.031672716140747
42	1	31.000273942947388
42	2	31.46678352355957
42	3	1.108027696609497
42	4	26.88367486000061
43	1	30.452261686325073
43	2	31.27528405189514
43	3	1.1320273876190186
43	4	27.106677532196045
44	1	30.888271808624268
44	2	31.44528889656067
44	3	1.1160264015197754
44	4	27.172179698944092
45	1	30.982274770736694
45	2	31.614290952682495
45	3	1.1135280132293701
45	4	27.001173496246338
46	1	31.03727674484253
46	2	31.652291536331177
46	3	1.162527084350586
46	4	26.99517512321472
47	1	31.144649028778076
47	2	31.589602947235107
47	3	1.1150214672088623
47	4	26.946514129638672
48	1	30.97609233856201
48	2	31.478101015090942
48	3	1.1160235404968262
48	4	27.03601622581482
49	1	30.996592044830322
49	2	31.48159909248352
49	3	1.0880205631256104
49	4	27.01151442527771
50	1	31.32809805870056
50	2	31.585103273391724
50	3	1.1595206260681152
50	4	27.04901385307312
51	1	31.37059736251831
51	2	31.360599756240845
51	3	1.1155214309692383
51	4	26.995015144348145
52	1	30.98459267616272
52	2	31.425602197647095
52	3	1.0920178890228271
52	4	26.968014240264893
53	1	30.991591453552246
53	2	31.415101051330566
53	3	1.1180222034454346
53	4	27.014018058776855
54	1	30.965593814849854
54	2	31.45460343360901
54	3	1.11802339553833
54	4	27.23902177810669
55	1	30.92109179496765
55	2	31.496986150741577
55	3	1.1455152034759521
55	4	26.894901037216187
56	1	30.971960067749023
56	2	31.578970193862915
56	3	1.133016586303711
56	4	27.114903688430786
57	1	30.96696186065674
57	2	31.53646993637085
57	3	1.1195194721221924
57	4	27.227405786514282
58	1	30.959961414337158
58	2	31.557469129562378
58	3	1.1285169124603271
58	4	27.095404386520386
59	1	30.941461324691772
59	2	31.52546977996826
59	3	1.1125164031982422
59	4	27.295408248901367
60	1	31.035962343215942
60	2	31.649972200393677
60	3	1.1555180549621582
60	4	27.0124032497406
61	1	30.945960998535156
61	2	31.63297390937805
61	3	1.164017677307129
61	4	27.421908378601074
62	1	30.817458868026733
62	2	31.4054696559906
62	3	1.1550168991088867
62	4	27.15040373802185
63	1	30.98696279525757
63	2	31.65197205543518
63	3	1.1355135440826416
63	4	27.012821197509766
64	1	30.85786747932434
64	2	31.476871967315674
64	3	1.1315135955810547
64	4	27.027319192886353
65	1	30.851866483688354
65	2	31.319873094558716
65	3	1.1655116081237793
65	4	27.13782572746277
66	1	30.831366539001465
66	2	31.36237120628357
66	3	1.1430141925811768
66	4	27.148823022842407
67	1	30.974868297576904
67	2	31.783878326416016
67	3	1.127549171447754
67	4	27.16582441329956
68	1	31.03536868095398
68	2	31.66287589073181
68	3	1.1375160217285156
68	4	27.008323431015015
69	1	30.916868448257446
69	2	31.497372150421143
69	3	1.1175146102905273
69	4	27.07332181930542
70	1	31.03486919403076
70	2	31.4583740234375
70	3	1.1185133457183838
70	4	27.203324556350708
71	1	31.17836904525757
71	2	31.760879039764404
71	3	1.1435132026672363
71	4	27.047811031341553
72	1	31.171802282333374
72	2	31.718310832977295
72	3	1.1115107536315918
72	4	27.199235439300537
73	1	30.890299797058105
73	2	31.522805213928223
73	3	1.1285111904144287
73	4	27.352266311645508
74	1	32.28531312942505
74	2	31.317803859710693
74	3	1.127012014389038
74	4	26.988261461257935
75	1	30.75829839706421
75	2	31.6918044090271
75	3	1.1155109405517578
75	4	26.990758895874023
76	1	30.997800588607788
76	2	31.505305528640747
76	3	1.1115102767944336
76	4	27.215263843536377
77	1	33.05123448371887
77	2	32.435731172561646
77	3	1.1530094146728516
77	4	27.4786958694458
78	1	31.92872714996338
78	2	33.40473699569702
78	3	1.143507957458496
78	4	27.503191471099854
79	1	31.98772430419922
79	2	32.71673226356506
79	3	1.1470091342926025
79	4	27.82869839668274
80	1	32.95773386955261
80	2	33.4052369594574
80	3	1.1880080699920654
80	4	29.243207693099976
81	1	33.597238302230835
81	2	34.38724136352539
81	3	1.2185075283050537
81	4	29.24270749092102
82	1	33.83874177932739
82	2	34.292242765426636
82	3	1.2205097675323486
82	4	29.183706998825073
83	1	33.439738512039185
83	2	34.093743324279785
83	3	1.1910080909729004
83	4	28.971205949783325
84	1	33.443687438964844
84	2	34.59417796134949
84	3	1.1895060539245605
84	4	29.128148555755615
85	1	33.64467144012451
85	2	34.18667411804199
85	3	1.1750051975250244
85	4	29.086647033691406
86	1	33.40717053413391
86	2	34.55117678642273
86	3	1.2140071392059326
86	4	30.27115511894226
87	1	33.418673276901245
87	2	34.101670265197754
87	3	1.213503122329712
87	4	28.928147792816162
88	1	33.38817071914673
88	2	34.20517349243164
88	3	1.2020072937011719
88	4	28.99014973640442
89	1	33.55016899108887
89	2	34.15217447280884
89	3	1.1790058612823486
89	4	29.210647106170654
90	1	33.464669942855835
90	2	37.44319152832031
90	3	1.2385053634643555
90	4	29.59815001487732
91	1	33.32266044616699
91	2	34.08662486076355
91	3	1.1920044422149658
91	4	29.07110619544983
92	1	33.39711928367615
92	2	34.06112742424011
92	3	1.2010047435760498
92	4	29.12210774421692
93	1	33.2781240940094
93	2	34.04012846946716
93	3	1.1860060691833496
93	4	29.071106433868408
94	1	33.62312459945679
94	2	33.93112540245056
94	3	1.179504632949829
94	4	29.240108251571655
95	1	33.385122776031494
95	2	34.28662633895874
95	3	1.1885044574737549
95	4	29.02010679244995
96	1	33.397122621536255
96	2	34.1186261177063
96	3	1.202005386352539
96	4	29.098607540130615
97	1	33.57262372970581
97	2	33.92662501335144
97	3	1.1680045127868652
97	4	29.14160680770874
98	1	33.50012516975403
98	2	33.89008831977844
98	3	1.19600248336792
98	4	29.183074474334717
99	1	33.68758749961853
99	2	34.439592123031616
99	3	1.1874995231628418
99	4	29.154576301574707
